-1.16659e-19
-1.16659e-19
-4.64384e-19
-4.64384e-19
-1.03644e-18
-1.03644e-18
0.000642101
0.000642101
-5.03419e-05
-5.03419e-05
-0.000896382
-0.000896382
-0.00189747
-0.00189747
-0.00305533
-0.00305533
-0.00437195
-0.00437195
-0.00437195
-0.0058496
-0.0058496
-0.00441541
-0.00441541
0.0402753
0.0402753
0.133588
0.133588
0.194686
0.194686
0.225999
0.225999
0.22943
0.22943
0.222111
0.222111
0.216296
0.216296
0.212024
0.212024
0.209067
0.209067
0.207226
0.207226
0.206326
0.206326
0.20622
0.20622
0.20622
0.206786
0.206786
0.207822
0.207822
0.209211
0.209211
0.21089
0.21089
0.212803
0.212803
0.214907
0.214907
0.217167
0.217167
0.219552
0.219552
0.222039
0.222039
0.22461
0.22461
0.227248
0.227248
0.22994
0.22994
0.232676
0.232676
0.235448
0.235448
0.23825
0.23825
0.241074
0.241074
0.243918
0.243918
0.246777
0.246777
0.249649
0.249649
0.252531
0.252531
0.255421
0.255421
0.258318
0.258318
0.26122
0.26122
0.26122
0.264126
0.264126
0.267036
0.267036
0.269949
0.269949
0.272864
0.272864
0.275781
0.275781
0.2787
0.2787
0.28162
0.28162
0.284541
0.284541
0.287462
0.287462
0.290384
0.290384
0.293307
0.293307
0.296231
0.296231
0.299154
0.299154
0.302078
0.302078
0.33856
0.33856
0.374691
0.374691
0.411169
0.411169
0.448415
0.448415
0.486437
0.486437
0.525252
0.525252
0.564884
0.564884
0.605362
0.605362
0.646726
0.646726
0.689017
0.689017
0.732282
0.732282
0.732282
0.776569
0.776569
0.821897
