-9.81951e-18
-9.81951e-18
-2.24368e-17
-2.24368e-17
-3.85879e-17
-3.85879e-17
-0.021904
-0.021904
-0.041427
-0.041427
-0.0594731
-0.0594731
-0.0766308
-0.0766308
-0.093286
-0.093286
-0.102403
-0.109696
-0.109696
-0.126034
-0.126034
0.18864
0.18864
3.86216
3.86216
5.41126
5.41126
5.26604
5.26604
4.12434
4.12434
2.38142
2.38142
1.27109
1.27109
0.617039
0.617039
0.252465
0.252465
0.0649956
0.0649956
-0.0162617
-0.0162617
-0.0356561
-0.0356561
-0.02053
-0.02053
-0.02053
0.0124547
0.0124547
0.0484893
0.0484893
0.083717
0.083717
0.116168
0.116168
0.144993
0.144993
0.169988
0.169988
0.191301
0.191301
0.209255
0.209255
0.224247
0.224247
0.236681
0.236681
0.246941
0.246941
0.255373
0.255373
0.262283
0.262283
0.267931
0.267931
0.272539
0.272539
0.276293
0.276293
0.279348
0.279348
0.281832
0.281832
0.283849
0.283849
0.285487
0.285487
0.286817
0.286817
0.287895
0.287895
0.288769
0.288769
0.288769
0.289478
0.289478
0.290053
0.290053
0.290519
0.290519
0.290896
0.290896
0.291202
0.291202
0.29145
0.29145
0.291651
0.291651
0.291814
0.291814
0.291945
0.291945
0.292052
0.292052
0.292139
0.292139
0.292209
0.292209
0.292266
0.292266
0.292312
0.292312
1.67103
1.67103
2.36558
2.36558
2.83799
2.83799
3.16824
3.16824
3.4079
3.4079
3.5903
3.5903
3.73706
3.73706
3.86223
3.86223
3.97501
3.97501
4.08144
4.08144
4.18556
4.18556
4.18556
4.2899
4.2899
4.39246
