1.56112e-28
1.56112e-28
1.56112e-28
1.56112e-28
1.56112e-28
-1.90073e-12
-1.63069e-12
-1.37353e-12
-1.12854e-12
-8.95033e-13
-6.72356e-13
-4.59897e-13
-2.57068e-13
-6.33134e-14
1.21897e-13
1.21897e-13
2.99067e-13
4.68674e-13
6.31175e-13
7.87001e-13
9.36566e-13
-0.0899088
-0.177836
-0.263328
-0.347602
-0.425181
-0.496347
-0.561491
-0.620875
-0.674792
-0.723516
-0.767305
-0.806414
-0.841063
-0.871486
-0.902896
-0.935229
-0.968443
-1.00249
-1.03734
-1.07296
-1.1093
-1.14631
-1.18397
-1.22226
-1.26114
-1.26114
-1.30056
-1.34053
-1.3785
-1.41458
-1.44885
-1.4814
-1.51233
-1.54172
-1.56963
-1.59615
-1.62134
-1.64528
-1.66801
-1.68961
-1.71013
-1.72962
-1.74814
-1.76574
-1.78245
-1.79833
-1.81341
-1.82774
-1.84135
-1.85429
-1.86657
-1.87824
-1.88933
-1.89986
-1.90987
-1.91938
-1.92841
-1.93699
-1.94514
-1.95288
-1.96024
-1.96723
-1.97386
-1.98017
-1.98616
-1.99185
-1.99726
-2.0024
-2.00728
-2.01191
-2.01632
-2.01632
-2.0205
-2.02448
-2.02825
-2.03184
-2.03525
-2.03849
-2.04156
-2.04448
-2.04726
-2.0499
-2.0524
-2.05478
-2.05704
-2.05919
-2.06123
-2.06317
-2.06501
-2.06676
-2.06842
-2.07
-2.0715
-2.07293
-2.07428
-2.07557
-2.07679
-2.07795
-2.07905
-2.0801
-2.08109
-2.05786
-2.05997
-2.06197
-2.06387
-2.06568
-2.0674
-2.06903
-2.07057
-2.07205
-2.07344
-2.07477
-2.07603
-2.07723
-2.07837
-2.07945
-2.08048
-2.08145
-2.08238
-2.08326
-2.0841
-2.08489
-2.08489
-2.08565
-2.08637
-2.08705
-2.0877
-2.08831
