0.239302
0.239107
0.238941
0.238799
0.23868
0.238578
0.231693
0.231965
0.239515
0.239341
0.24815
0.247569
0.257698
0.256736
0.268208
0.266885
0.279796
0.278117
0.27669
0.291189
0.289353
0.704794
1.3488
1.60247
2.35392
2.06424
2.5
2.30311
2.5
2.27931
2.3421
2.33054
2.33508
2.40437
2.3857
2.4264
2.40215
2.42468
2.40164
2.41248
2.39288
2.39537
2.37963
2.37565
2.36356
2.35433
2.34543
2.33784
2.32536
2.32015
2.30477
2.30155
2.28404
2.28247
2.26334
2.26311
2.24263
2.24349
2.22189
2.22365
2.20119
2.20369
2.18053
2.18362
2.15988
2.16345
2.13922
2.1432
2.11869
2.12298
2.09805
2.10261
2.07749
2.08226
2.0569
2.06184
2.03634
2.04142
2.01581
2.02101
1.9953
2.00059
1.97471
1.98009
1.95427
1.9597
1.9338
1.93927
1.9133
1.91881
1.8927
1.89826
1.87217
1.87777
1.88252
1.85582
1.86081
1.83417
1.83936
1.81296
1.81827
1.79183
1.79725
1.77087
1.77637
1.75018
1.75571
1.72945
1.73503
1.70875
1.71437
1.68811
1.69376
1.66764
1.67329
1.64714
1.6528
1.62659
1.63226
1.606
1.61169
1.58556
1.59124
1.20904
1.2329
0.869444
0.906302
0.55085
0.597195
0.240718
0.294475
-0.0631354
-0.00372425
-0.363503
-0.299792
-0.666167
-0.59867
-0.971125
-0.900387
-1.27761
-1.20433
-1.59049
-1.51468
-1.9089
-1.83076
-1.76434
-2.17574
-2.10408
-2.5
