0.460165
0.465095
0.47018
0.475129
0.480108
0.485126
0.490135
0.495117
0.500116
0.505086
0.510159
0.515166
0.520109
0.525153
0.530125
0.535125
0.540082
0.545106
0.550119
0.555139
0.560192
0.56513
0.570121
0.575098
0.580139
0.585132
0.590121
0.595097
0.600149
0.605118
0.610098
0.615127
0.620151
0.625125
0.630125
0.635134
0.640148
0.645095
0.650078
0.655141
0.660115
0.665103
0.670118
0.67509
0.680109
0.685131
0.690118
0.695078
0.700122
0.705077
0.710076
0.71501
0.720124
0.725136
0.73012
0.735067
0.740111
0.745079
0.750092
0.755043
0.760089
0.76514
0.770087
0.77512
0.78013
0.785083
0.790089
0.795093
0.800089
0.805088
0.810108
0.815099
0.820114
0.825093
0.830083
0.835071
0.840077
0.845071
0.850114
0.855083
0.860082
0.865069
0.870116
0.875128
0.88013
0.885152
0.8901
0.895085
0.900108
0.905108
0.910103
0.915105
0.920079
0.925078
0.930077
0.9351
0.940072
0.945065
0.950074
0.955069
0.96008
0.965101
0.970069
0.975103
0.980089
0.985116
0.990134
0.995121
1.00009
1.00511
1.01008
1.01518
1.02011
1.0251
1.03013
1.03515
1.0401
1.04513
1.05012
1.05511
1.06013
1.06514
1.07014
1.07518
1.08018
1.08517
1.09011
1.0951
1.10009
1.10513
1.11013
1.11519
1.12012
1.12515
1.1301
1.13515
1.14015
1.14511
1.1501
1.15508
1.16011
1.16511
1.17012
1.17518
1.18008
1.1851
1.19009
1.19509
1.20009
1.20513
1.2101
1.21509
1.22007
1.22508
1.23011
1.23511
1.24007
1.24509
1.25008
1.25508
1.26009
1.26508
1.27013
1.27508
1.28016
1.28509
1.29012
1.29509
1.3001
1.30507
1.31012
1.31505
1.32009
1.32512
1.3302
1.33512
1.34013
1.34517
1.35009
1.35512
1.36009
1.36508
1.37014
1.37511
1.38017
1.38509
1.39016
1.3951
1.40013
1.40516
1.41019
1.4152
1.42014
1.42512
1.43013
1.43513
1.44022
1.44515
1.45011
1.45512
1.46011
1.46512
1.47014
1.47513
1.48011
1.48514
1.49009
1.49511
1.50009
1.5051
1.51012
1.51512
1.52011
1.52511
1.53011
1.53515
1.54011
1.54518
1.55011
1.55514
1.56013
1.56515
1.57011
1.57512
1.58015
1.58524
1.59012
1.59513
1.60017
1.60514
1.61011
1.61516
1.62013
1.62511
1.63011
1.63508
1.64013
1.64517
1.65011
1.65513
1.6601
1.6651
1.67013
1.67513
1.68011
1.6851
1.69016
1.6951
1.70013
1.7051
1.71014
1.71509
1.7201
1.72514
1.73014
1.73509
1.74012
1.74514
1.75011
1.7551
1.76011
1.76513
1.7701
1.77509
1.78014
1.78513
1.7901
1.79512
1.80012
1.8051
1.81008
1.81511
1.82018
1.82509
1.83012
1.83512
1.84011
1.8451
1.85013
1.85514
1.86013
1.86508
1.87011
1.87507
1.88009
1.8851
1.89014
1.89513
1.90022
1.90512
1.91011
1.91509
1.92012
1.92509
1.9301
1.93508
1.94012
1.94515
1.95012
1.95512
1.96013
1.96513
1.9701
1.97513
1.98009
1.98511
1.99012
1.99515
2.00013
2.00513
2.0101
2.01515
2.02016
2.02513
2.03013
2.03512
2.04008
2.0451
2.0501
2.05512
2.06009
2.06512
2.07006
2.07517
2.08013
2.08511
2.09011
2.09509
2.10016
2.10515
2.11017
2.11515
2.12014
2.1251
2.13008
2.1351
2.14014
2.1451
2.15008
2.15516
2.16019
2.16512
2.17017
2.17516
2.18015
2.18518
2.19012
2.19512
2.20018
2.20509
2.21013
2.21512
2.22019
2.2251
2.23012
2.23514
2.24013
2.24509
2.25011
2.25511
2.2602
2.26518
2.27014
2.27509
2.2801
2.28508
2.29009
2.29509
2.3001
2.30511
2.3101
2.31511
2.32011
2.3251
2.33012
2.33506
2.34009
2.34511
2.35015
2.35513
2.36011
2.3651
2.37014
2.3751
2.38009
2.38513
2.3901
2.3951
2.40011
2.40513
2.41016
2.41512
2.42011
2.4251
2.43009
2.43507
2.44014
2.44511
2.45012
2.4551
2.46011
2.46513
2.4701
2.47513
2.48014
2.48515
2.49013
2.49513
2.50012
2.50524
2.51016
2.51522
2.52018
2.52515
2.5301
2.5351
2.54012
2.54512
2.5501
2.55511
2.56008
2.56513
2.57009
2.57513
2.58009
2.58513
2.59009
2.59511
2.6001
2.60512
2.6102
2.61511
2.62013
2.62515
2.63012
2.6351
2.64013
2.64518
2.65008
2.65509
2.6601
2.66511
2.67014
2.67511
2.6801
2.6851
2.69014
2.69513
2.7001
2.70508
2.71012
2.71513
2.72008
2.72513
2.73015
2.73512
2.7401
2.74513
2.75013
2.75511
2.76009
2.76509
2.7701
2.77508
2.78009
2.78511
2.79008
2.79511
2.80009
2.80512
2.81008
2.81509
2.82014
2.8252
2.8302
2.83512
2.84013
2.84511
2.85013
2.85509
2.86009
2.86503
2.87011
2.87516
2.88011
2.88509
2.89011
2.89508
2.90008
2.90512
2.91011
2.91511
2.92009
2.92513
2.93009
2.93511
2.94012
2.94512
2.95009
2.95513
2.9601
2.96515
2.97009
2.9751
2.98011
2.98512
2.99014
2.99511
3.00012
3.00514
3.0101
3.01513
3.02013
3.0251
3.03016
3.03511
3.04012
3.04512
3.0501
3.05511
3.06008
3.06513
3.07012
3.07521
3.0801
3.08512
3.0901
3.09512
3.1001
3.10511
3.11009
3.11513
3.12009
3.12511
3.1301
3.13512
3.1401
3.14513
3.1501
3.15511
3.16013
3.16512
3.17012
3.17511
3.18011
3.1851
3.1901
3.19512
3.2001
3.2051
3.21011
3.21509
3.22012
3.22511
3.23011
3.23513
3.24009
3.24513
3.25013
3.25514
3.26011
3.26515
3.2701
3.27514
3.28011
3.28511
3.29009
3.2951
3.30012
3.30511
3.31014
3.3151
3.32012
3.3251
3.33016
3.33519
3.34015
3.34514
3.3502
3.35514
3.3601
3.36509
3.37012
3.37517
3.38013
3.3851
3.39013
3.39513
3.40012
3.4051
3.41014
3.41511
3.42009
3.42509
3.43015
3.4352
3.44017
3.44512
3.45011
3.45511
3.4601
3.46513
3.4701
3.47512
3.48015
3.48516
3.49012
3.49508
3.5001
3.50514
3.51012
3.51514
3.52013
3.52512
3.5301
3.53513
3.54013
3.54516
3.55013
3.55511
3.56011
3.56515
3.57012
3.57512
3.58009
3.58511
3.59011
3.59511
3.60015
3.60516
3.61017
3.61513
3.62012
3.62511
3.63014
3.63522
3.6401
3.64517
3.65012
3.65514
3.6601
3.66512
3.67013
3.67512
3.6801
3.68508
3.6901
3.6951
3.70015
3.7051
3.7101
3.7151
3.72017
3.72517
3.73009
3.73513
3.7401
3.74513
3.75014
3.75516
3.7602
3.76513
3.77016
3.7751
3.78011
3.78513
3.7901
3.79514
3.8001
3.80509
3.8101
3.8151
3.82011
3.8251
3.8301
3.83514
3.84023
3.84511
3.85014
3.85514
3.86014
3.86512
3.87012
3.87511
3.88019
3.88513
3.89014
3.8951
3.9001
3.90512
3.91012
3.9151
3.92011
3.92511
3.93012
3.93514
3.94012
3.9451
3.95014
3.95509
3.96013
3.9651
3.97012
3.97511
3.98012
3.98511
3.9901
3.99509
4.00011
4.0051
4.01012
4.01511
4.02011
4.02506
4.03011
4.03507
4.04013
4.04506
4.05007
4.05518
4.06009
4.06514
4.07014
4.07513
4.08011
4.08512
4.09011
4.09512
4.10009
4.10508
4.11008
4.11508
4.12011
4.1251
4.13014
4.13509
4.14016
4.14512
4.15009
4.15513
4.16014
4.16509
4.1701
4.17512
4.1801
4.18509
4.19009
4.19511
4.20012
4.20511
4.2101
4.21514
4.22013
4.22509
4.23013
4.2352
4.24017
4.24515
4.2501
4.25509
4.26016
4.26511
4.27012
4.27515
4.28013
4.28511
4.29011
4.29512
4.30013
4.30512
4.31009
4.31509
4.32009
4.32511
4.33009
4.33515
4.3401
4.34514
4.35023
4.35513
4.36008
4.36517
4.37021
4.37515
4.3802
4.38517
4.39014
4.39514
4.40018
4.40516
4.41016
4.41513
4.42013
4.42516
4.43024
4.43515
4.44016
4.44512
4.45016
4.45513
4.46016
4.46523
4.47017
4.47514
4.48012
4.4851
4.49011
4.49514
4.5001
4.50514
4.51013
4.51513
4.52014
4.52513
4.53014
4.53509
4.54012
4.54509
4.55014
4.55511
4.56011
4.56509
4.57013
4.57513
4.58012
4.58508
4.59009
4.59509
4.6001
4.60511
4.61013
4.61518
4.62014
4.62514
4.63014
4.63513
4.64019
4.64515
4.65009
4.65512
4.66013
4.66511
4.67018
4.67513
4.68012
4.68507
4.6901
4.69512
4.70012
4.7051
4.7101
4.7151
4.7201
4.72509
4.73014
4.73509
4.74012
4.74512
4.75009
4.75511
4.76012
4.76514
4.7701
4.77515
4.78009
4.78513
4.79011
4.79512
4.80009
4.80512
4.8101
4.8151
4.82014
4.8251
4.83011
4.83511
4.84011
4.8451
4.85008
4.85508
4.86004
4.86514
4.87016
4.87516
4.88012
4.88513
4.89013
4.89514
4.90013
4.90515
4.91014
4.9151
4.9201
4.92512
4.93011
4.93509
4.9401
4.9451
4.95009
4.95509
4.96011
4.96511
4.97009
4.97511
4.98014
4.98512
4.99018
4.99512
5.0001
5.00509
5.0101
5.0151
5.02011
5.02516
5.03011
5.03509
5.04011
5.04509
5.05011
5.05506
5.0601
5.06514
5.07018
5.07512
5.08015
5.0851
5.09013
5.09511
5.10012
5.10511
5.11011
5.11511
5.1201
5.12512
5.13012
5.13507
5.14013
5.14512
5.15015
5.15516
5.16009
5.16512
5.17014
5.17514
5.18019
5.18513
5.19018
5.19517
5.20019
5.20514
5.21011
5.21521
5.22009
5.22509
5.23009
5.23514
5.24013
5.24513
5.25012
5.25513
5.26014
5.26511
5.27012
5.27514
5.2801
5.28515
5.2901
5.29512
5.30011
5.30512
5.31012
5.31512
5.32012
5.32511
5.33014
5.33514
5.34009
5.34512
5.35013
5.35515
5.36012
5.3651
5.37013
5.37514
5.3801
5.38509
5.39013
5.39509
5.40009
5.40515
5.41012
5.41513
5.42012
5.42514
5.4301
5.43513
5.44012
5.44513
5.4501
5.45511
5.4601
5.46511
5.47007
5.47512
5.48014
5.4851
5.49016
5.49512
5.50014
5.50518
5.51012
5.51512
5.52013
5.5251
5.53012
5.53515
5.54011
5.54513
5.55014
5.55517
5.5601
5.56516
5.57011
5.5751
5.58016
5.58511
5.59007
5.59513
5.60013
5.60512
5.61016
5.61511
5.62014
5.62511
5.6301
5.63513
5.6401
5.64513
5.65013
5.65508
5.66008
5.6651
5.6701
5.67509
5.68011
5.68509
5.69011
5.69506
5.70012
5.70515
5.71014
5.7151
5.72018
5.72518
5.73011
5.73513
5.74012
5.74512
5.75013
5.7551
5.76009
5.76514
5.77011
5.77508
5.7801
5.78511
5.79014
5.79514
5.80016
5.80511
5.81013
5.81511
5.82012
5.82519
5.83011
5.8351
5.84011
5.8451
5.85013
5.85513
5.86012
5.86519
5.87013
5.87511
5.88009
5.88511
5.89009
5.89513
5.90009
5.90513
5.91011
5.91523
5.92006
5.92516
5.9302
5.93515
5.94009
5.94516
5.95014
5.95518
5.96022
5.9651
5.9701
5.9751
5.98011
5.98509
5.99012
5.99511
6.00009
6.00514
6.01013
6.01513
6.02011
6.02512
6.03009
6.03511
6.04011
6.04512
6.05014
6.05511
6.06012
6.06511
6.07011
6.07512
6.08014
6.08515
6.09014
6.09512
6.10021
6.10517
6.11014
6.11512
6.12014
6.12511
6.13015
6.13515
6.14014
6.14517
6.15014
6.15515
6.16011
6.16518
6.1701
6.17509
6.1801
6.18508
6.19008
6.19511
6.20009
6.20511
6.21016
6.21512
6.22013
6.22513
6.23015
6.23509
6.24013
6.24513
6.25011
6.2551
6.26015
6.26514
6.27011
6.27511
6.28014
6.28514
6.29013
6.2951
6.3001
6.30512
6.31012
6.31513
6.32014
6.32513
6.33013
6.33517
6.34011
6.3451
6.3501
6.3551
6.36009
6.36508
6.3701
6.37512
6.38008
6.3851
6.39011
6.39512
6.40008
6.40509
6.41013
6.41513
6.42009
6.42519
6.4301
6.43511
6.44013
6.44513
6.45012
6.45514
6.4601
6.46515
6.47012
6.47517
6.48013
6.48513
6.4901
6.49515
6.50017
6.50518
6.51012
6.51518
6.52011
6.5251
6.53012
6.53515
6.54008
6.54514
6.5501
6.55516
6.5601
6.56514
6.57012
6.57512
6.5801
6.58516
6.59011
6.59508
6.6001
6.6051
6.61012
6.61513
6.62017
6.62513
6.63014
6.63515
6.64014
6.6451
6.6501
6.65509
6.66011
6.66509
6.67013
6.67512
6.68011
6.68508
6.69008
6.69508
6.70011
6.70511
6.71013
6.7151
6.72013
6.72513
6.73012
6.73511
6.74013
6.74509
6.7501
6.75509
6.76014
6.76505
6.7701
6.77506
6.78011
6.78512
6.79008
6.79512
6.80012
6.80513
6.81013
6.81516
6.8201
6.8251
6.83013
6.83515
6.84016
6.84512
6.85014
6.85514
6.86013
6.86517
6.87013
6.87511
6.88012
6.88513
6.8901
6.89517
6.90011
6.90511
6.91011
6.9151
6.92009
6.92514
6.93027
6.93509
6.94014
6.94512
6.9501
6.9551
6.96009
6.96508
6.97011
6.97512
6.98011
6.98508
6.99013
6.99515
7.00014
7.00514
7.01013
7.01511
7.02017
7.02513
7.03013
7.03517
7.0401
7.04515
7.05012
7.05512
7.06005
7.06515
7.07009
7.07513
7.0801
7.08511
7.09011
7.09515
7.10011
7.10511
7.11012
7.11513
7.12013
7.12512
7.13011
7.13509
7.14015
7.14512
7.15012
7.15515
7.1601
7.16509
7.1701
7.17515
7.18011
7.18512
7.1901
7.1951
7.20009
7.2051
7.21009
7.2151
7.22007
7.22509
7.23011
7.23509
7.24009
7.24513
7.2501
7.25511
7.26012
7.26514
7.27013
7.27512
7.28013
7.28512
7.29012
7.29509
7.30014
7.30511
7.31012
7.31511
7.32011
7.3251
7.33012
7.33512
7.34015
7.34514
7.35012
7.3551
7.36011
7.36509
7.37011
7.37509
7.38014
7.38513
7.39011
7.39511
7.40009
7.40512
7.41011
7.41513
7.42008
7.4251
7.4301
7.43509
7.44009
7.44508
7.45013
7.4551
7.46016
7.46509
7.47009
7.47511
7.48011
7.48516
7.49016
7.49513
7.50012
7.50518
7.51014
7.5151
7.52008
7.52511
7.53017
7.53514
7.54012
7.5451
7.55016
7.55512
7.5601
7.56511
7.5701
7.57511
7.58013
7.58513
7.59013
7.59514
7.60012
7.60514
7.61011
7.61511
7.62009
7.62511
7.63009
7.63515
7.64015
7.64511
7.65009
7.65513
7.66006
7.66517
7.67012
7.67513
7.68013
7.68512
7.69011
7.69519
7.70008
7.70515
7.71013
7.71509
7.72011
7.7251
7.73008
7.73514
7.74016
7.74512
7.75012
7.75515
7.76013
7.76512
7.77013
7.77511
7.78012
7.78513
7.79017
7.79514
7.80006
7.80514
7.81012
7.81509
7.82011
7.82512
7.8301
7.83509
7.84011
7.84509
7.8501
7.85514
7.86012
7.86512
7.87012
7.87516
7.88016
7.88513
7.89014
7.89517
7.90014
7.90508
7.91014
7.91505
7.92009
7.92508
7.93011
7.93509
7.94009
7.94514
7.95011
7.95515
7.9601
7.96515
7.97009
7.97511
7.9801
7.98511
7.9901
7.99514
8.0001
8.00509
8.0101
8.01511
8.0201
8.02514
8.03012
8.03511
8.04009
8.04508
8.05011
8.0551
8.06014
8.06516
8.07018
8.07517
8.08013
8.08507
8.09011
8.0951
8.10009
8.10509
8.11009
8.11512
8.12009
8.1251
8.13008
8.13513
8.14009
8.14508
8.15008
8.1551
8.16008
8.16514
8.17004
8.17514
8.1801
8.1851
8.19013
8.19511
8.20012
8.20513
8.21011
8.21511
8.22011
8.2251
8.23011
8.23512
8.24013
8.2451
8.2501
8.25511
8.26012
8.26517
8.27013
8.27511
8.28015
8.28514
8.29007
8.29509
8.30012
8.3051
8.31012
8.3151
8.32009
8.32509
8.33011
8.33509
8.3401
8.3451
8.3501
8.35514
8.36011
8.3652
8.37011
8.37511
8.38011
8.38509
8.39014
8.39518
8.4001
8.40508
8.41011
8.41509
8.42009
8.42505
8.4301
8.43513
8.4401
8.44511
8.45011
8.4551
8.46011
8.46511
8.47013
8.47509
8.48014
8.48511
8.49012
8.49511
8.5001
8.50509
8.51009
8.51515
8.52012
8.5251
8.53014
8.53514
8.54012
8.5451
8.5501
8.55518
8.56013
8.5651
8.5701
8.57531
8.58009
8.58513
8.59013
8.59514
8.6001
8.60509
8.6101
8.61514
8.62013
8.62512
8.6301
8.6351
8.64014
8.64514
8.65014
8.6551
8.66011
8.66508
8.67014
8.67515
8.68012
8.6851
8.6901
8.69513
8.70009
8.70509
8.71009
8.7152
8.72023
8.72513
8.7301
8.73514
8.74014
8.74516
8.75011
8.75509
8.7601
8.7651
8.77018
8.77508
8.78012
8.78509
8.79018
8.7952
8.80018
8.80513
8.81016
8.81521
8.82021
8.82517
8.83019
8.83516
8.84012
8.84513
8.85012
8.85515
8.8601
8.86513
8.87015
8.87513
8.88018
8.88516
8.89018
8.89521
8.90013
8.90511
8.9101
8.91509
8.92012
8.9251
8.93009
8.9351
8.94012
8.9451
8.95009
8.95512
8.96013
8.96509
8.97009
8.97511
8.98012
8.9851
8.9901
8.99512
9.00012
9.0051
9.01006
9.01513
9.0201
9.02511
9.03009
9.0351
9.04008
9.0451
9.0501
9.0551
9.06009
9.06511
9.0701
9.07511
9.0801
9.08514
9.09011
9.09511
9.10016
9.10514
9.11011
9.11514
9.12013
9.12512
9.13011
9.13509
9.14009
9.14511
9.15013
9.15509
9.16009
9.16511
9.17008
9.17512
9.18009
9.18508
9.19013
9.19509
9.20012
9.20509
9.21011
9.21511
9.22011
9.22509
9.23014
9.2351
9.24012
9.24512
9.25017
9.25513
9.26009
9.26511
9.27011
9.27508
9.28012
9.28512
9.29014
9.2951
9.30013
9.30512
9.31012
9.31514
9.32014
9.3251
9.3301
9.33511
9.3401
9.34519
9.35016
9.35515
9.36012
9.3651
9.37015
9.3751
9.3801
9.3851
9.39017
9.3951
9.4001
9.40514
9.4101
9.41508
9.42013
9.42512
9.43009
9.43514
9.44008
9.4451
9.45012
9.4551
9.4601
9.46508
9.47008
9.47512
9.48013
9.48513
9.49009
9.49514
9.50009
9.5051
9.51014
9.5151
9.52011
9.52513
9.53009
9.53513
9.54009
9.5451
9.55005
9.55517
9.56011
9.56515
9.57017
9.57512
9.58013
9.58511
9.59014
9.5952
9.60021
9.60513
9.61018
9.6151
9.62014
9.62514
9.63013
9.6351
9.6401
9.64512
9.65017
9.65513
9.66012
9.6651
9.6701
9.6751
9.68011
9.68509
9.69011
9.69515
9.70019
9.70513
9.71019
9.71512
9.72013
9.72513
9.73013
9.73512
9.7401
9.74511
9.75011
9.75515
9.76019
9.76513
9.77012
9.77518
9.78015
9.78512
9.7901
9.79512
9.80019
9.80513
9.81012
9.81513
9.82016
9.82511
9.8301
9.83515
9.84012
9.84512
9.85011
9.85515
9.86013
9.86515
9.87011
9.87511
9.8801
9.88518
9.89016
9.89512
9.90014
9.90517
9.91014
9.91514
9.92016
9.92512
9.93015
9.93515
9.94016
9.94511
9.95015
9.95518
9.96014
9.96514
9.97008
9.97513
9.98011
9.9851
9.99009
9.99511
10.0001
10.0051
10.0101
10.0151
10.0201
10.0251
10.0301
10.0351
10.0401
10.0451
10.0501
10.0551
10.0601
10.0652
10.0701
10.0751
10.0801
10.0851
10.0901
10.0951
10.1001
10.1051
10.1102
10.1152
10.1201
10.1251
10.1301
10.1351
10.1401
10.1451
10.1501
10.1551
10.1601
10.1651
10.1701
10.1751
10.1801
10.1851
10.1901
10.1951
10.2002
10.2051
10.2102
10.2151
10.2201
10.2251
10.2302
10.2351
10.2401
10.2451
10.2501
10.2551
10.2601
10.2651
10.2701
10.2751
10.2801
10.2851
10.2901
10.2951
10.3001
10.3051
10.3101
10.3152
10.3202
10.3252
10.3301
10.3351
10.3402
10.3451
10.3501
10.3552
10.3601
10.3651
10.3701
10.3751
10.3802
10.3852
10.3902
10.3951
10.4001
10.4052
10.4101
10.4152
10.4201
10.4252
10.4301
10.4352
10.4401
10.4451
10.4501
10.4551
10.4601
10.4651
10.4701
10.4751
10.4801
10.4851
10.4901
10.4951
10.5001
10.5051
10.5101
10.5151
10.5202
10.5251
10.5301
10.5352
10.5401
10.5451
10.5501
10.5551
10.5601
10.5651
10.5701
10.5751
10.5801
10.5851
10.5901
10.5951
10.6001
10.6051
10.6101
10.6151
10.6201
10.6252
10.6301
10.6351
10.6401
10.6451
10.6501
10.6551
10.6601
10.6651
10.6701
10.6751
10.6801
10.6851
10.6902
10.6951
10.7002
10.7051
10.7101
10.7151
10.7201
10.7251
10.7302
10.7351
10.7401
10.7451
10.7501
10.7551
10.7601
10.7651
10.7701
10.7751
10.7801
10.7851
10.7901
10.7952
10.8001
10.8051
10.8101
10.8151
10.8201
10.8251
10.8301
10.8352
10.8401
10.8451
10.8501
10.8551
10.8602
10.8651
10.8701
10.8751
10.8801
10.8852
10.8901
10.8951
10.9001
10.9051
10.9101
10.9151
10.9201
10.9251
10.9301
10.9351
10.9402
10.9451
10.9501
10.9551
10.9601
10.9651
10.9701
10.9751
10.9802
10.9852
10.9901
10.9951
11.0001
11.0052
11.0101
11.0152
11.0201
11.0251
11.0301
11.0351
11.0401
11.0451
11.0501
11.0552
11.0601
11.0652
11.0702
11.0751
11.0801
11.0851
11.0902
11.0951
11.1001
11.1051
11.1101
11.1151
11.1201
11.1251
11.1301
11.1352
11.1401
11.1452
11.1501
11.1552
11.1601
11.1652
11.1701
11.1752
11.1801
11.1852
11.1901
11.1952
11.2001
11.2051
11.2101
11.2151
11.2201
11.2251
11.2301
11.2351
11.2401
11.2451
11.2502
11.2551
11.2601
11.2651
11.2702
11.2751
11.2801
11.2852
11.2901
11.2951
11.3002
11.3051
11.3101
11.3151
11.3201
11.3251
11.3301
11.3351
11.3401
11.3451
11.3501
11.3551
11.3601
11.3651
11.3701
11.3752
11.3801
11.3852
11.3901
11.3951
11.4001
11.4051
11.4101
11.4151
11.4201
11.4251
11.4301
11.4351
11.4401
11.4451
11.4501
11.4552
11.4601
11.4651
11.4701
11.4751
11.4801
11.4851
11.4902
11.4951
11.5001
11.5051
11.5101
11.5151
11.5201
11.5251
11.5301
11.5351
11.5401
11.5451
11.5501
11.5551
11.5601
11.5651
11.5701
11.5753
11.5801
11.5851
11.5901
11.5951
11.6001
11.6051
11.6101
11.6151
11.6201
11.6251
11.6301
11.6351
11.6401
11.6451
11.6501
11.6551
11.6601
11.6651
11.6701
11.6751
11.6801
11.6851
11.6901
11.6952
11.7001
11.7051
11.7101
11.7151
11.7201
11.7251
11.7301
11.7351
11.7402
11.7451
11.7501
11.7551
11.7601
11.7651
11.7701
11.7751
11.7801
11.7851
11.7902
11.7951
11.8002
11.8051
11.8101
11.8151
11.8201
11.8251
11.8301
11.8351
11.8401
11.8451
11.8501
11.8552
11.8602
11.8652
11.8701
11.8751
11.8802
11.8851
11.8901
11.8951
11.9001
11.9051
11.9101
11.9151
11.9201
11.9251
11.9301
11.9351
11.9401
11.9451
11.9501
11.9551
11.9601
11.9651
11.9701
11.9751
11.9801
11.9851
11.9901
11.9952
12.0002
12.0051
12.0101
12.0151
12.0201
12.0251
12.0301
12.0351
12.0401
12.0451
12.0501
12.0551
12.0601
12.0651
12.0702
12.0751
12.0801
12.0851
12.0901
12.0951
12.1001
12.1052
12.1102
12.1152
12.1202
12.1251
12.1301
12.1351
12.1401
12.1451
12.1501
12.1551
12.1601
12.1651
12.1701
12.1752
12.1801
12.1852
12.1902
12.1951
12.2001
12.205
12.2101
12.2151
12.2201
12.2251
12.2301
12.2351
12.2401
12.2451
12.2501
12.2551
12.2601
12.2651
12.2701
12.2751
12.2801
12.2851
12.2901
12.2951
12.3001
12.3051
12.3101
12.3151
12.3201
12.3251
12.3301
12.3351
12.3401
12.3451
12.3502
12.3551
12.3601
12.3651
12.3701
12.3751
12.3801
12.3852
12.3901
12.3951
12.4001
12.4051
12.4101
12.4151
12.4201
12.4251
12.4302
12.4351
12.4401
12.4451
12.4501
12.4551
12.4601
12.4651
12.4701
12.4751
12.48
12.4852
12.4901
12.4951
12.5001
12.5051
12.5101
12.5152
12.5201
12.5251
12.5301
12.5351
12.5401
12.5451
12.5501
12.5551
12.5601
12.5651
12.5701
12.5751
12.5801
12.5851
12.5901
12.5951
12.6001
12.6051
12.6101
12.6151
12.6201
12.6251
12.6301
12.6351
12.6401
12.6451
12.6501
12.6552
12.6601
12.6651
12.6701
12.6752
12.6801
12.6851
12.6902
12.6952
12.7001
12.7051
12.7102
12.7151
12.7201
12.7251
12.7301
12.7351
12.7401
12.7451
12.7502
12.7551
12.7601
12.7651
12.7701
12.7751
12.7801
12.7851
12.7901
12.7951
12.8001
12.8051
12.8101
12.8151
12.8201
12.8251
12.8301
12.8351
12.8401
12.8451
12.8501
12.8552
12.8601
12.8651
12.8701
12.8751
12.8801
12.8851
12.8901
12.8951
12.9001
12.9051
12.9101
12.9151
12.9201
12.9251
12.9301
12.9351
12.9401
12.9452
12.9501
12.9551
12.9601
12.9651
12.9701
12.9751
12.9801
12.9851
12.9901
12.9951
13.0002
13.0051
13.0102
13.0151
13.0201
13.0251
13.0301
13.0352
13.0402
13.0451
13.0501
13.0551
13.0601
13.0652
13.0702
13.0752
13.0802
13.0852
13.0901
13.0951
13.1002
13.1051
13.1102
13.1151
13.1202
13.1251
13.1301
13.1351
13.1402
13.1452
13.1502
13.1551
13.1601
13.1652
13.1702
13.1751
13.1801
13.1851
13.1902
13.1951
13.2002
13.2051
13.2102
13.2151
13.2201
13.2251
13.2301
13.2351
13.2401
13.2451
13.2501
13.2551
13.2601
13.2652
13.2701
13.2751
13.2801
13.2851
13.2901
13.2951
13.3001
13.3051
13.3101
13.3151
13.3201
13.3251
13.3301
13.3351
13.3401
13.3451
13.3501
13.3552
13.3601
13.3651
13.3702
13.3751
13.3801
13.3851
13.3901
13.3951
13.4001
13.4052
13.4101
13.4151
13.4201
13.4252
13.4301
13.4351
13.4401
13.4451
13.4501
13.4551
13.4601
13.4651
13.4701
13.4751
13.4801
13.4851
13.4901
13.4952
13.5001
13.5052
13.5101
13.5151
13.5201
13.5251
13.5302
13.5351
13.5401
13.5451
13.5501
13.5551
13.5601
13.5651
13.5701
13.5751
13.5801
13.5851
13.5902
13.5951
13.6001
13.6052
13.6101
13.6151
13.6201
13.6251
13.6301
13.6351
13.6402
13.6452
13.6501
13.6551
13.6601
13.6651
13.6701
13.6751
13.6801
13.6851
13.6901
13.6951
13.7001
13.7051
13.7101
13.7151
13.7201
13.7251
13.7301
13.7351
13.7401
13.7451
13.7501
13.7551
13.7601
13.7651
13.7701
13.7751
13.7802
13.7852
13.7901
13.7951
13.8001
13.8051
13.8101
13.8151
13.8201
13.8251
13.8301
13.8351
13.8401
13.8451
13.8501
13.8551
13.8601
13.8651
13.8701
13.8751
13.8801
13.8851
13.8901
13.8951
13.9001
13.9051
13.9101
13.9152
13.9201
13.9252
13.9301
13.9351
13.9401
13.9451
13.9502
13.9551
13.9601
13.9652
13.9701
13.9751
13.9801
13.9852
13.9902
13.9952
14.0002
14.0052
14.0101
14.0152
14.0202
14.0251
14.0301
14.0351
14.0401
14.0451
14.0502
14.0552
14.0601
14.0651
14.0702
14.0751
14.0801
14.0851
14.0901
14.0951
14.1001
14.1051
14.1101
14.1151
14.1201
14.1252
14.1301
14.1351
14.1401
14.1451
14.1501
14.1551
14.1601
14.1651
14.1701
14.1751
14.1801
14.1851
14.1901
14.1951
14.2001
14.2051
14.2102
14.2151
14.2201
14.2251
14.2302
14.2351
14.2401
14.2451
14.2501
14.2551
14.2601
14.2651
14.2702
14.2751
14.2801
14.2851
14.2901
14.2951
14.3001
14.3051
14.3101
14.3151
14.3201
14.3251
14.3301
14.3352
14.3401
14.3451
14.3501
14.3551
14.3601
14.3651
14.3701
14.3751
14.3801
14.3851
14.3901
14.3951
14.4001
14.4051
14.4101
14.4151
14.4201
14.4252
14.4301
14.4351
14.4401
14.4451
14.4501
14.4551
14.4601
14.4651
14.4701
14.4751
14.4801
14.4852
14.4901
14.4951
14.5
14.5051
14.5101
14.5151
14.5201
14.5251
14.5301
14.5351
14.5401
14.5451
14.5502
14.5552
14.5601
14.5651
14.5701
14.5752
14.5801
14.5851
14.5901
14.5951
14.6001
14.6051
14.6101
14.6151
14.6201
14.6251
14.6301
14.6351
14.6401
14.6452
14.6501
14.6551
14.66
14.6651
14.6701
14.6751
14.6801
14.6851
14.6901
14.6951
14.7001
14.7051
14.7101
14.7151
14.7201
14.7251
14.7301
14.7351
14.7401
14.7451
14.7501
14.7551
14.7601
14.7651
14.7701
14.7751
14.7801
14.7851
14.7902
14.7951
14.8001
14.8051
14.8101
14.8151
14.8201
14.8252
14.8301
14.8351
14.8401
14.8451
14.8501
14.8551
14.8601
14.8651
14.8701
14.8751
14.8801
14.8851
14.8901
14.8951
14.9001
14.9051
14.9101
14.9151
14.9201
14.9251
14.9301
14.9351
14.9401
14.9451
14.9501
14.9551
14.9601
14.9651
14.9701
14.9751
14.9801
14.9851
14.9901
14.9952
15.0001
15.0051
15.0101
15.0151
15.0201
15.0251
15.0301
15.0351
15.0401
15.0451
15.0501
15.0552
15.0601
15.0652
15.0701
15.0751
15.0801
15.0851
15.0902
15.0951
15.1001
15.1052
15.1102
15.1151
15.1201
15.1251
15.1301
15.1351
15.1401
15.1451
15.1501
15.1551
15.1601
15.1651
15.1702
15.1752
15.1802
15.1851
15.1901
15.1952
15.2001
15.2051
15.2101
15.2151
15.2201
15.2251
15.2301
15.2352
15.2402
15.2451
15.2501
15.2551
15.2602
15.2652
15.2703
15.2751
15.2801
15.2851
15.2901
15.2952
15.3002
15.3051
15.3101
15.3151
15.3201
15.3251
15.3301
15.3351
15.3401
15.3452
15.3502
15.3551
15.3601
15.3652
15.3702
15.3752
15.3801
15.3851
15.3901
15.3951
15.4001
15.4051
15.4103
15.4151
15.4202
15.4251
15.4302
15.4351
15.4401
15.4451
15.4501
15.4551
15.4601
15.4652
15.4701
15.4752
15.4802
15.4851
15.4901
15.4951
15.5001
15.5051
15.5101
15.5152
15.5201
15.5251
15.5301
15.5351
15.5401
15.5451
15.5501
15.5551
15.5601
15.5652
15.5701
15.5751
15.5801
15.5851
15.5901
15.5951
15.6001
15.6051
15.6101
15.6151
15.6201
15.6251
15.6301
15.6351
15.6401
15.6451
15.6502
15.6551
15.6601
15.6651
15.6702
15.6751
15.6801
15.6851
15.6901
15.6951
15.7001
15.7051
15.7101
15.7151
15.7201
15.7251
15.7301
15.7351
15.7401
15.7451
15.7501
15.7551
15.7601
15.7651
15.7702
15.7751
15.7801
15.7853
15.7901
15.7952
15.8001
15.8051
15.8101
15.8151
15.8201
15.8251
15.8301
15.8351
15.8401
15.8451
15.8502
15.8551
15.8601
15.8651
15.8701
15.8751
15.8801
15.8851
15.8901
15.8951
15.9001
15.9051
15.9101
15.9151
15.9201
15.9251
15.9301
15.9351
15.9401
15.9451
15.9501
15.9551
15.9601
15.9651
15.9701
15.9752
15.9801
15.9852
15.9901
15.9951
16.0002
16.0052
16.0101
16.0151
16.0201
16.0252
16.0301
16.0352
16.0401
16.0451
16.0501
16.0551
16.0601
16.0651
16.0702
16.0752
16.0802
16.0851
16.0902
16.0951
16.1001
16.1051
16.1101
16.1151
16.1201
16.1251
16.1301
16.1351
16.1401
16.1451
16.1501
16.1551
16.1601
16.1651
16.1701
16.1751
16.1801
16.1851
16.1901
16.1951
16.2001
16.2051
16.2101
16.2151
16.2201
16.2251
16.2301
16.2351
16.2401
16.2451
16.2501
16.2552
16.2601
16.2651
16.2701
16.2751
16.2801
16.2851
16.2901
16.2951
16.3001
16.3051
16.3101
16.3151
16.3201
16.3251
16.3301
16.3352
16.3401
16.3451
16.3501
16.3551
16.3601
16.3652
16.3702
16.3751
16.3802
16.3851
16.3902
16.3952
16.4001
16.4051
16.4102
16.4151
16.4201
16.4251
16.4301
16.4351
16.4401
16.4451
16.4501
16.4551
16.4601
16.4651
16.4701
16.4751
16.4801
16.4851
16.4901
16.4951
16.5001
16.5051
16.5101
16.5151
16.5201
16.5251
16.5302
16.5351
16.5401
16.5451
16.5501
16.5551
16.5602
16.5651
16.5701
16.5751
16.5801
16.5851
16.5901
16.5951
16.6002
16.6051
16.6101
16.6152
16.6201
16.6251
16.6301
16.6351
16.6401
16.6451
16.6502
16.6551
16.6602
16.6651
16.6701
16.6752
16.6801
16.6851
16.6901
16.6951
16.7001
16.7052
16.7101
16.7151
16.7201
16.7251
16.7301
16.7351
16.7401
16.7451
16.7501
16.7551
16.7601
16.7651
16.7701
16.7751
16.7801
16.7852
16.7901
16.7951
16.8001
16.8052
16.8101
16.8151
16.8201
16.8251
16.8301
16.8351
16.8401
16.8451
16.8501
16.8551
16.8601
16.8651
16.8701
16.8751
16.8801
16.8852
16.8901
16.8951
16.9001
16.9052
16.9102
16.9151
16.9201
16.9251
16.9301
16.9351
16.9401
16.9451
16.9501
16.9551
16.9601
16.9651
16.9701
16.9751
16.9801
16.9851
16.9901
16.9951
17.0001
17.0051
17.0102
17.0152
17.0202
17.0251
17.0301
17.0351
17.0401
17.0451
17.0501
17.0551
17.0601
17.0652
17.0702
17.0751
17.0801
17.0851
17.0901
17.0952
17.1001
17.1051
17.1101
17.1151
17.1201
17.1251
17.1301
17.1351
17.1402
17.1451
17.1501
17.1551
17.1601
17.165
17.1701
17.1751
17.1801
17.1851
17.1901
17.1951
17.2001
17.2051
17.2101
17.2152
17.2201
17.2251
17.2302
17.2351
17.2401
17.2451
17.2502
17.2551
17.2601
17.2651
17.2701
17.2751
17.2801
17.2852
17.2901
17.2951
17.3001
17.3051
17.3101
17.3152
17.3201
17.3251
17.3301
17.3351
17.3401
17.3451
17.3501
17.3551
17.3601
17.3651
17.3701
17.3751
17.3801
17.3851
17.3901
17.3952
17.4001
17.4051
17.4102
17.4152
17.4202
17.4252
17.4301
17.4351
17.4401
17.4451
17.4502
17.4551
17.4601
17.4651
17.4701
17.4751
17.4801
17.4851
17.4901
17.4952
17.5001
17.5051
17.5101
17.5151
17.5202
17.5251
17.5301
17.5351
17.5402
17.5451
17.5501
17.5551
17.5601
17.5651
17.5701
17.5751
17.5801
17.5851
17.5901
17.5951
17.6001
17.6051
17.6101
17.6151
17.6201
17.6251
17.6301
17.6351
17.6401
17.6451
17.6501
17.6551
17.6601
17.6652
17.6701
17.6751
17.6801
17.6851
17.6901
17.6951
17.7002
17.7051
17.7101
17.7151
17.7201
17.725
17.7302
17.7351
17.7401
17.7451
17.7501
17.7551
17.7601
17.7652
17.7701
17.7751
17.7801
17.7851
17.7901
17.7951
17.8001
17.8052
17.8101
17.8151
17.8201
17.8251
17.8301
17.8351
17.8401
17.8451
17.8501
17.8551
17.8602
17.8651
17.8701
17.8751
17.8801
17.8851
17.8901
17.8951
17.9001
17.9051
17.9101
17.9151
17.9201
17.9251
17.9301
17.9351
17.9401
17.9451
17.9501
17.9552
17.9601
17.9651
17.9701
17.9751
17.9801
17.9851
17.9901
17.9952
18.0001
18.0051
18.0102
18.0152
18.0201
18.0251
18.0301
18.0351
18.0401
18.0451
18.0501
18.0551
18.0601
18.0651
18.0701
18.0751
18.0801
18.0851
18.0901
18.0951
18.1001
18.1051
18.1102
18.1151
18.1201
18.1251
18.1301
18.1351
18.1401
18.1452
18.1501
18.1551
18.1601
18.1651
18.1701
18.1751
18.1801
18.1851
18.1901
18.1952
18.2001
18.2051
18.2101
18.2151
18.2201
18.2251
18.2301
18.2352
18.2401
18.2452
18.2501
18.2551
18.2601
18.2652
18.2701
18.2751
18.2801
18.2852
18.2901
18.2951
18.3001
18.3051
18.3101
18.3151
18.3201
18.3251
18.3301
18.3352
18.3401
18.3451
18.3502
18.3552
18.3601
18.3651
18.3701
18.3752
18.3801
18.3851
18.3901
18.3951
18.4001
18.4051
18.4101
18.4151
18.4201
18.4251
18.4301
18.4351
18.4401
18.4451
18.4501
18.4551
18.4601
18.4651
18.4701
18.4751
18.4801
18.4851
18.4901
18.4951
18.5001
18.5051
18.5101
18.5151
18.5202
18.5252
18.5301
18.5351
18.5401
18.5451
18.5501
18.5552
18.5601
18.5651
18.5702
18.5751
18.5801
18.5851
18.5901
18.5951
18.6001
18.6051
18.6101
18.6151
18.6201
18.6251
18.6301
18.6351
18.6401
18.6451
18.6501
18.6552
18.6601
18.6651
18.6701
18.6751
18.6801
18.6851
18.6902
18.6951
18.7001
18.7051
18.7101
18.7151
18.7201
18.7251
18.7301
18.7351
18.7401
18.7452
18.7501
18.7552
18.7602
18.7651
18.7702
18.7751
18.7801
18.7851
18.7901
18.7951
18.8001
18.8051
18.8101
18.8151
18.8202
18.8251
18.8301
18.8351
18.8401
18.8451
18.8502
18.8551
18.8601
18.8651
18.8701
18.8751
18.8801
18.8851
18.8901
18.8951
18.9001
18.9051
18.9101
18.9151
18.9201
18.9251
18.9301
18.9351
18.9401
18.9451
18.9501
18.9551
18.9601
18.9651
18.9701
18.9751
18.9802
18.9851
18.9901
18.9952
19.0001
19.0051
19.0101
19.0151
19.0201
19.0251
19.0301
19.0351
19.0401
19.0451
19.0501
19.0551
19.0601
19.0651
19.0701
19.0751
19.0801
19.0851
19.0901
19.0951
19.1001
19.1052
19.1101
19.1151
19.1201
19.1251
19.1301
19.1351
19.1401
19.1451
19.1501
19.1551
19.1601
19.1651
19.1701
19.1751
19.1802
19.1851
19.1902
19.1951
19.2002
19.2052
19.2101
19.2151
19.2201
19.2251
19.2301
19.2351
19.2401
19.2451
19.2501
19.2551
19.2601
19.2651
19.2701
19.2751
19.2801
19.2851
19.2901
19.2951
19.3001
19.3051
19.3101
19.3151
19.3201
19.3252
19.3301
19.3351
19.3401
19.3451
19.3501
19.3551
19.3602
19.3651
19.3702
19.3751
19.3801
19.3851
19.3901
19.3951
19.4001
19.4052
19.4102
19.4151
19.4202
19.4251
19.4301
19.4351
19.4401
19.4451
19.4501
19.4552
19.4601
19.4651
19.4701
19.4752
19.4801
19.4852
19.4902
19.4951
19.5001
19.5051
19.5102
19.5152
19.5201
19.5251
19.5301
19.5352
19.5401
19.5451
19.5502
19.5551
19.5601
19.5651
19.5701
19.5751
19.5802
19.5851
19.5901
19.5951
19.6001
19.6051
19.6102
19.6151
19.6202
19.6252
19.6301
19.6352
19.6401
19.6451
19.6501
19.6551
19.6601
19.6651
19.6701
19.6752
19.6802
19.6851
19.6901
19.6951
19.7001
19.7051
19.7102
19.7151
19.7203
19.7251
19.7301
19.7351
19.7402
19.7451
19.7501
19.7551
19.7601
19.7651
19.7701
19.7751
19.7801
19.7851
19.7901
19.7951
19.8001
19.8052
19.8101
19.8151
19.8201
19.8252
19.8301
19.8351
19.8401
19.8451
19.8501
19.8552
19.8602
19.8651
19.8701
19.8751
19.8801
19.8851
19.8902
19.8952
19.9001
19.9051
19.9101
19.9151
19.9201
19.9251
19.9301
19.9351
19.9401
19.9451
19.9502
19.9551
19.9601
19.9651
19.9702
19.9751
19.9801
19.9851
19.9901
19.9951
20.0002
20.0052
20.0102
20.0151
20.0202
20.0252
20.0302
20.0352
20.0401
20.0452
20.0501
20.0551
20.0601
20.0651
20.0701
20.0751
20.0801
20.0851
20.0902
20.0951
20.1002
20.1052
20.1101
20.1151
20.1201
20.1251
20.1301
20.1351
20.1401
20.1451
20.1501
20.1551
20.1601
20.1652
20.1701
20.1751
20.1801
20.1851
20.1901
20.1951
20.2002
20.2051
20.2101
20.2152
20.2201
20.2251
20.2301
20.2351
20.2401
20.2451
20.25
20.2552
20.2601
20.2652
20.2702
20.2751
20.2801
20.2851
20.2901
20.2952
20.3002
20.3051
20.3101
20.3151
20.3201
20.3251
20.3301
20.3352
20.3402
20.3451
20.3502
20.3551
20.3601
20.3651
20.3701
20.3751
20.3801
20.3851
20.3901
20.3951
20.4002
20.4051
20.4102
20.4151
20.4201
20.4251
20.4301
20.4351
20.4401
20.4452
20.4501
20.4551
20.4601
20.4651
20.4701
20.4751
20.4801
20.4851
20.4901
20.4951
20.5001
20.5051
20.5101
20.5151
20.5201
20.5251
20.5301
20.5351
20.5401
20.5451
20.5501
20.5551
20.5601
20.5652
20.5702
20.5751
20.5801
20.5851
20.5901
20.5951
20.6001
20.6051
20.6102
20.6151
20.6202
20.6252
20.6301
20.6351
20.6401
20.6451
20.6501
20.6551
20.6601
20.6651
20.6701
20.6753
20.6801
20.6851
20.6901
20.6951
20.7001
20.7051
20.7101
20.7153
20.7201
20.7251
20.7301
20.7351
20.7401
20.7451
20.7501
20.7551
20.7601
20.7652
20.7701
20.7752
20.7802
20.7852
20.7901
20.7951
20.8001
20.8051
20.8101
20.8152
20.8201
20.8251
20.8301
20.8351
20.8401
20.8451
20.8501
20.8551
20.8602
20.8651
20.8701
20.8751
20.8801
20.8851
20.8901
20.8951
20.9001
20.9052
20.9101
20.9151
20.9201
20.9252
20.9301
20.9351
20.9401
20.9451
20.9501
20.9551
20.9601
20.9651
20.9701
20.9752
20.9801
20.9851
20.9901
20.9951
21.0002
21.0052
21.0102
21.0151
21.0202
21.0252
21.0302
21.0352
21.0402
21.0451
21.0501
21.0551
21.0601
21.0651
21.0701
21.0751
21.0801
21.0851
21.0901
21.0951
21.1001
21.1051
21.1101
21.1152
21.1201
21.1251
21.1301
21.1351
21.1401
21.1451
21.1501
21.1552
21.1601
21.1651
21.1701
21.1751
21.1801
21.1851
21.1901
21.1951
21.2001
21.2051
21.2102
21.2151
21.2201
21.2251
21.2302
21.2351
21.2401
21.2451
21.2501
21.2551
21.2601
21.2651
21.2701
21.2751
21.2801
21.2851
21.2901
21.2951
21.3001
21.3051
21.3101
21.3151
21.3201
21.3251
21.3301
21.3351
21.3401
21.3451
21.3501
21.3551
21.3601
21.3651
21.3701
21.3751
21.3801
21.3851
21.39
21.3951
21.4001
21.4051
21.4101
21.4151
21.4202
21.4251
21.4301
21.4351
21.4401
21.4451
21.4501
21.4551
21.4601
21.4651
21.4701
21.4751
21.4801
21.4851
21.4902
21.4951
21.5001
21.5051
21.5101
21.5151
21.5201
21.5252
21.5301
21.5351
21.5401
21.5452
21.5502
21.5552
21.5601
21.5651
21.5702
21.5751
21.5801
21.5851
21.5901
21.5951
21.6001
21.6051
21.6101
21.6151
21.6201
21.6251
21.6302
21.6351
21.6401
21.6451
21.6501
21.6551
21.6601
21.6651
21.6701
21.6751
21.6801
21.6851
21.6902
21.6951
21.7001
21.7051
21.7101
21.7151
21.7201
21.7251
21.7301
21.7351
21.7401
21.7452
21.7502
21.7552
21.7602
21.7652
21.7702
21.7752
21.7802
21.7851
21.7901
21.7951
21.8001
21.8051
21.8102
21.8151
21.8202
21.8251
21.8301
21.8352
21.8401
21.8451
21.8502
21.8551
21.8602
21.8651
21.8701
21.8751
21.8801
21.8852
21.8901
21.8951
21.9001
21.9051
21.9101
21.9151
21.9201
21.9251
21.9301
21.9352
21.9401
21.9451
21.9501
21.9551
21.9602
21.9651
21.9701
21.9751
21.9801
21.9851
21.9901
21.9952
22.0001
22.0051
22.0101
22.0151
22.0201
22.0251
22.0302
22.0351
22.0402
22.0451
22.0501
22.0551
22.0601
22.0651
22.0702
22.0751
22.0801
22.0851
22.0901
22.0952
22.1001
22.1051
22.1102
22.1151
22.1201
22.1251
22.1301
22.1351
22.1401
22.1451
22.1501
22.1551
22.1601
22.1651
22.1701
22.1751
22.1801
22.1851
22.1901
22.1951
22.2001
22.2051
22.2101
22.2151
22.2201
22.2251
22.2301
22.2351
22.2401
22.2451
22.2501
22.2551
22.2601
22.2651
22.2701
22.2751
22.2801
22.2851
22.2901
22.2951
22.3001
22.3051
22.3101
22.3151
22.3201
22.3251
22.3301
22.3351
22.3402
22.3451
22.3502
22.3551
22.3601
22.3651
22.3701
22.3751
22.3801
22.3851
22.3901
22.3951
22.4001
22.4051
22.4101
22.4151
22.4201
22.4251
22.4302
22.4351
22.4401
22.4451
22.4501
22.4551
22.4601
22.4651
22.4701
22.4751
22.4801
22.4852
22.4901
22.4951
22.5001
22.5051
22.5101
22.5151
22.5201
22.5251
22.5301
22.5351
22.5402
22.5451
22.5501
22.5551
22.5601
22.5651
22.5701
22.575
22.5801
22.5852
22.5902
22.5951
22.6001
22.6052
22.6101
22.6151
22.6201
22.6251
22.6301
22.6351
22.6401
22.6452
22.6501
22.6552
22.6601
22.6651
22.6701
22.6751
22.6801
22.6851
22.6901
22.6951
22.7001
22.7051
22.7101
22.7151
22.7201
22.7251
22.7301
22.7352
22.7401
22.7451
22.7502
22.7551
22.7602
22.7652
22.7701
22.7751
22.7801
22.7851
22.79
22.7951
22.8001
22.8051
22.8101
22.8151
22.8201
22.8251
22.8301
22.8351
22.8401
22.8451
22.8501
22.8551
22.8602
22.8651
22.8701
22.8751
22.8801
22.8851
22.8901
22.8951
22.9001
22.9051
22.9101
22.9151
22.9201
22.9251
22.9301
22.9351
22.9401
22.9451
22.9501
22.9551
22.9601
22.9651
22.9701
22.9751
22.9801
22.9851
22.9901
22.9951
23.0001
23.0051
23.0101
23.0151
23.0201
23.0251
23.0301
23.0351
23.0401
23.0451
23.0501
23.0551
23.0601
23.0651
23.0702
23.0751
23.0801
23.0852
23.0901
23.0951
23.1001
23.1051
23.1101
23.1151
23.1201
23.1252
23.1301
23.1351
23.1401
23.1452
23.1501
23.1552
23.1601
23.1651
23.1701
23.1751
23.1801
23.1852
23.1902
23.1951
23.2001
23.2051
23.2101
23.2151
23.2201
23.2251
23.2301
23.2351
23.2401
23.2451
23.2501
23.2551
23.2601
23.2652
23.2701
23.2752
23.2801
23.2851
23.2901
23.2951
23.3001
23.3051
23.31
23.3151
23.32
23.3251
23.3301
23.3351
23.3401
23.3451
23.3501
23.3551
23.3601
23.3651
23.3701
23.3751
23.3801
23.3851
23.3901
23.3951
23.4001
23.4051
23.4101
23.4152
23.4201
23.4251
23.4301
23.4351
23.4401
23.4451
23.4501
23.4551
23.4601
23.4651
23.4701
23.4751
23.4801
23.4851
23.4901
23.4951
23.5001
23.5051
23.5101
23.5151
23.5201
23.5251
23.5301
23.5351
23.5401
23.5451
23.5501
23.5551
23.5601
23.5652
23.5701
23.5751
23.5801
23.5851
23.5901
23.595
23.6001
23.6051
23.6101
23.6151
23.6201
23.6251
23.6301
23.6351
23.6401
23.6451
23.6501
23.6551
23.6601
23.6651
23.6701
23.6751
23.6801
23.6852
23.6901
23.6952
23.7001
23.7051
23.7101
23.7152
23.7201
23.7252
23.7301
23.7351
23.7401
23.7451
23.7501
23.7551
23.7601
23.7651
23.7701
23.7751
23.7801
23.7851
23.7901
23.7951
23.8001
23.8051
23.8101
23.8151
23.8201
23.8251
23.8301
23.8352
23.8401
23.8451
23.8501
23.8551
23.8601
23.8651
23.8701
23.8751
23.8801
23.8851
23.8901
23.8951
23.9001
23.9052
23.9101
23.9151
23.9201
23.9251
23.9301
23.9351
23.9401
23.9451
23.9501
23.9551
23.9601
23.9651
23.9701
23.9751
23.9801
23.9851
23.9901
23.9952
24.0002
24.0052
24.0102
24.0151
24.0201
24.0251
24.0301
24.0351
24.0401
24.0451
24.0501
24.0551
24.0601
24.0651
24.0701
24.0752
24.0802
24.0851
24.0902
24.0951
24.1001
24.1051
24.1102
24.1151
24.1202
24.1251
24.1301
24.1351
24.1401
24.1451
24.1501
24.1551
24.1601
24.1651
24.1701
24.1751
24.1801
24.1851
24.1901
24.1951
24.2001
24.2051
24.2101
24.2152
24.2201
24.2251
24.2301
24.2351
24.2401
24.2451
24.2501
24.2551
24.2601
24.2651
24.2701
24.2751
24.2801
24.2851
24.2901
24.2951
24.3001
24.3051
24.3101
24.3152
24.3201
24.3251
24.3302
24.3351
24.3401
24.3451
24.3501
24.3552
24.3601
24.3651
24.3701
24.3751
24.3801
24.3851
24.3901
24.3951
24.4001
24.4052
24.4101
24.4151
24.4202
24.4251
24.4302
24.4351
24.4401
24.4451
24.4501
24.4551
24.4601
24.4651
24.4701
24.4751
24.4801
24.4851
24.4901
24.4951
24.5001
24.5051
24.5101
24.5151
24.5201
24.5251
24.5301
24.5351
24.5401
24.5451
24.5501
24.5552
24.5601
24.5651
24.5701
24.5751
24.5801
24.5851
24.5901
24.5951
24.6001
24.6051
24.6101
24.6151
24.6201
24.6251
24.6301
24.6351
24.6401
24.6451
24.6501
24.6551
24.6601
24.6651
24.6702
24.6751
24.6801
24.6851
24.6901
24.6951
24.7001
24.7051
24.7101
24.7151
24.7201
24.7252
24.7301
24.7351
24.7401
24.7451
24.7501
24.7551
24.7601
24.7651
24.7701
24.7751
24.7801
24.7851
24.7901
24.7951
24.8001
24.8051
24.8101
24.8152
24.8201
24.8251
24.8301
24.8351
24.8402
24.8451
24.8501
24.8551
24.8601
24.8651
24.8701
24.8751
24.8801
24.8851
24.8901
24.8951
24.9001
24.9051
24.9101
24.9151
24.9201
24.9251
24.93
24.9351
24.9401
24.9451
24.9501
24.9551
24.9601
24.9651
24.9701
24.9751
24.9802
24.9852
24.9901
24.9951
25.0001
25.0051
25.0101
25.0151
25.0202
25.0251
25.0301
25.0351
25.0401
25.0451
25.0501
25.0551
25.0601
25.0651
25.0701
25.0751
25.0801
25.0851
25.0901
25.0951
25.1001
25.1051
25.1102
25.1151
25.1202
25.1251
25.1301
25.1351
25.1402
25.1451
25.1501
25.1551
25.1601
25.1651
25.1701
25.1751
25.1802
25.185
25.1901
25.1951
25.2001
25.2051
25.2101
25.2151
25.2201
25.2252
25.2301
25.2352
25.2401
25.2451
25.2501
25.2551
25.2602
25.2651
25.2701
25.2751
25.2802
25.2852
25.2901
25.2951
25.3001
25.3051
25.3101
25.3151
25.3202
25.3251
25.3302
25.3351
25.3401
25.3451
25.3501
25.3551
25.3601
25.3651
25.3701
25.3751
25.3801
25.3851
25.3901
25.3951
25.4001
25.4051
25.4101
25.4151
25.4201
25.4251
25.4301
25.4351
25.4401
25.4451
25.4501
25.4552
25.4602
25.4651
25.4701
25.4751
25.4802
25.4851
25.4902
25.4951
25.5001
25.5051
25.5102
25.5151
25.5201
25.5251
25.5302
25.5351
25.5402
25.5451
25.5502
25.5551
25.5603
25.5651
25.5701
25.5751
25.5801
25.5851
25.5901
25.5951
25.6001
25.6051
25.6101
25.6151
25.6201
25.6251
25.6301
25.6351
25.6401
25.6451
25.6502
25.6551
25.6601
25.6651
25.6701
25.6751
25.6801
25.6851
25.6901
25.6951
25.7001
25.7051
25.7101
25.7151
25.7201
25.7251
25.7301
25.7353
25.7402
25.7451
25.7502
25.7551
25.7601
25.7651
25.7701
25.7751
25.7801
25.7851
25.7901
25.7951
25.8001
25.8051
25.8101
25.8151
25.8201
25.8251
25.8301
25.8351
25.8401
25.8451
25.8501
25.8551
25.8601
25.8651
25.8702
25.8751
25.8801
25.8851
25.8902
25.8951
25.9001
25.9052
25.91
25.9151
25.9202
25.9251
25.9301
25.9351
25.9401
25.9452
25.9501
25.9552
25.9601
25.9651
25.9701
25.9752
25.9802
25.9851
25.9902
25.9952
26.0001
26.0051
26.0101
26.0151
26.0201
26.0251
26.0301
26.0351
26.0401
26.0451
26.0502
26.0551
26.0603
26.0651
26.0701
26.0751
26.0802
26.0851
26.0901
26.0952
26.1002
26.1051
26.1101
26.1151
26.1201
26.1251
26.1301
26.1351
26.1401
26.145
26.1501
26.1551
26.1601
26.1651
26.1701
26.1751
26.1801
26.1851
26.1902
26.1951
26.2002
26.2051
26.2101
26.2151
26.2201
26.2251
26.2301
26.2351
26.2401
26.2451
26.2501
26.2551
26.2601
26.2652
26.2701
26.2752
26.2801
26.2851
26.2901
26.2951
26.3001
26.3051
26.3101
26.3151
26.3201
26.3251
26.3301
26.3351
26.3401
26.3451
26.3501
26.3552
26.3601
26.3651
26.3701
26.3751
26.3802
26.3851
26.3901
26.3951
26.4002
26.4052
26.4101
26.4152
26.4201
26.4251
26.4301
26.4351
26.4402
26.4452
26.4501
26.4551
26.4601
26.4651
26.4702
26.4752
26.4801
26.4851
26.4901
26.4951
26.5001
26.5051
26.5101
26.5151
26.5201
26.5251
26.5301
26.5352
26.5401
26.5452
26.5502
26.5552
26.5602
26.5651
26.5702
26.5751
26.5801
26.5852
26.5901
26.5951
26.6001
26.6051
26.6101
26.6151
26.6201
26.6251
26.6301
26.6351
26.6401
26.6451
26.6501
26.6551
26.6601
26.6651
26.6701
26.6751
26.6801
26.6851
26.6901
26.6951
26.7001
26.7051
26.7101
26.7151
26.7201
26.7251
26.7302
26.7351
26.7401
26.7451
26.7501
26.7551
26.7601
26.7651
26.7702
26.7751
26.7802
26.7852
26.7901
26.7951
26.8002
26.8051
26.8101
26.8151
26.8201
26.8251
26.8301
26.8352
26.8401
26.8451
26.8501
26.8551
26.8601
26.8651
26.8701
26.8751
26.8801
26.8851
26.8901
26.8951
26.9001
26.9051
26.9101
26.9151
26.9201
26.9251
26.9301
26.9351
26.9401
26.9451
26.9501
26.9551
26.9601
26.9651
26.9701
26.9751
26.9801
26.9851
26.9902
26.9951
27.0001
27.0052
27.0101
27.0151
27.0201
27.0251
27.0301
27.0351
27.0401
27.0451
27.0501
27.0551
27.0602
27.0651
27.0701
27.0752
27.0801
27.0851
27.0902
27.0951
27.1002
27.1051
27.1101
27.1151
27.1201
27.1251
27.1301
27.1351
27.1401
27.1451
27.1501
27.1551
27.1601
27.1651
27.1701
27.1751
27.1801
27.1851
27.1901
27.1951
27.2001
27.2051
27.2101
27.2151
27.2201
27.2251
27.2301
27.2351
27.2401
27.2451
27.2501
27.2551
27.2601
27.2651
27.2701
27.2751
27.2801
27.2851
27.2901
27.2951
27.3001
27.3051
27.3101
27.3151
27.3201
27.3251
27.3301
27.3351
27.3401
27.3451
27.3501
27.3551
27.3601
27.3651
27.3701
27.3751
27.3801
27.3851
27.3901
27.3951
27.4001
27.4052
27.4101
27.4151
27.4201
27.4251
27.4301
27.4351
27.4401
27.4451
27.4501
27.4551
27.4601
27.4651
27.4701
27.4751
27.4801
27.4851
27.4902
27.4952
27.5001
27.5051
27.5101
27.5151
27.5201
27.5251
27.5301
27.5351
27.5402
27.5451
27.5501
27.5551
27.5601
27.5652
27.5702
27.5751
27.5802
27.5852
27.5901
27.5952
27.6002
27.6052
27.6102
27.6151
27.6201
27.6252
27.6301
27.6351
27.6401
27.6451
27.6501
27.6552
27.6601
27.6651
27.6701
27.6751
27.6801
27.6851
27.6901
27.6952
27.7001
27.7051
27.7101
27.7151
27.7201
27.7251
27.7302
27.7351
27.7402
27.7451
27.7501
27.7551
27.7601
27.7651
27.7701
27.7751
27.7801
27.7851
27.7901
27.7951
27.8002
27.8051
27.8101
27.8151
27.8201
27.8251
27.8301
27.8351
27.8401
27.8451
27.8501
27.8551
27.8601
27.8651
27.8702
27.8752
27.8801
27.8851
27.8901
27.8951
27.9002
27.9052
27.9102
27.9151
27.9201
27.9251
27.9301
27.9351
27.9401
27.9451
27.9501
27.9551
27.9601
27.9651
27.9701
27.9751
27.9802
27.9852
27.9901
27.9951
28.0001
28.0051
28.0101
28.0151
28.0202
28.0251
28.0301
28.0351
28.0401
28.0451
28.0501
28.0551
28.0601
28.0651
28.0701
28.0751
28.0801
28.0852
28.0901
28.0951
28.1001
28.1052
28.1101
28.1151
28.1201
28.1251
28.1301
28.1351
28.1402
28.1451
28.1501
28.1551
28.1602
28.1651
28.1701
28.1751
28.1801
28.1851
28.1901
28.1951
28.2001
28.2051
28.2102
28.2152
28.2201
28.2251
28.2301
28.2351
28.2401
28.2451
28.2502
28.2551
28.2601
28.2651
28.2701
28.2751
28.2802
28.2851
28.2901
28.2951
28.3001
28.3051
28.3101
28.3151
28.3201
28.3251
28.3301
28.3351
28.3401
28.3451
28.3501
28.3551
28.3601
28.3651
28.3701
28.3751
28.3801
28.3851
28.3902
28.3951
28.4001
28.405
28.4101
28.4151
28.4201
28.4252
28.4301
28.4351
28.4401
28.4451
28.4501
28.4551
28.4601
28.4651
28.4701
28.4751
28.4801
28.4851
28.4901
28.4951
28.5001
28.5051
28.5101
28.5151
28.5201
28.5251
28.5301
28.5351
28.5401
28.5451
28.5502
28.5551
28.5601
28.5652
28.5701
28.5751
28.5801
28.5852
28.5901
28.5951
28.6001
28.6051
28.6101
28.6152
28.6202
28.6252
28.6302
28.6352
28.6401
28.6452
28.6501
28.6551
28.6601
28.6652
28.6702
28.6752
28.6802
28.6851
28.6902
28.6951
28.7001
28.7051
28.7101
28.7151
28.7202
28.7251
28.7301
28.7351
28.7401
28.7451
28.7501
28.7551
28.7601
28.7651
28.7701
28.7751
28.7801
28.7851
28.7902
28.7951
28.8001
28.8051
28.8101
28.8151
28.8202
28.8251
28.8301
28.8351
28.8401
28.8451
28.8501
28.8551
28.8601
28.8651
28.8701
28.8751
28.8801
28.8851
28.8901
28.8952
28.9001
28.905
28.9101
28.9151
28.9202
28.9252
28.9302
28.9351
28.9401
28.9451
28.9501
28.9551
28.9601
28.9652
28.9701
28.9752
28.9801
28.9852
28.9901
28.9951
29.0001
29.0051
29.0101
29.0151
29.0201
29.0251
29.0301
29.0351
29.0401
29.0451
29.0501
29.0551
29.0601
29.0651
29.0701
29.0751
29.0801
29.0851
29.0902
29.0951
29.1001
29.1051
29.1101
29.1151
29.1201
29.1251
29.1301
29.1351
29.1401
29.1451
29.1501
29.1551
29.1601
29.1651
29.1701
29.1751
29.1801
29.1851
29.1902
29.1951
29.2001
29.2051
29.2101
29.2151
29.2201
29.2252
29.2302
29.2352
29.2401
29.2451
29.2501
29.2551
29.2601
29.2651
29.2701
29.2751
29.2801
29.2851
29.2901
29.2951
29.3001
29.3051
29.3101
29.3151
29.3201
29.3251
29.3301
29.3351
29.3401
29.3451
29.3501
29.3551
29.3601
29.3651
29.3701
29.3751
29.3801
29.3851
29.3901
29.3951
29.4001
29.4051
29.4101
29.4151
29.4202
29.4251
29.4302
29.4351
29.4402
29.4451
29.4501
29.4551
29.4601
29.4651
29.4701
29.4751
29.4801
29.4851
29.4901
29.4951
29.5001
29.5051
29.5101
29.5151
29.5201
29.5251
29.5301
29.5351
29.5401
29.5451
29.5501
29.5551
29.5601
29.5651
29.5701
29.5751
29.5801
29.5851
29.5901
29.5951
29.6001
29.6051
29.6101
29.6151
29.6201
29.6251
29.6301
29.6351
29.6401
29.6451
29.6501
29.6551
29.66
29.6651
29.67
29.6751
29.6803
29.6852
29.6902
29.6951
29.7001
29.7052
29.7102
29.7151
29.7201
29.7251
29.7301
29.7351
29.7401
29.7452
29.7502
29.7551
29.7601
29.7651
29.7701
29.7751
29.7801
29.7851
29.7901
29.7951
29.8001
29.8051
29.8101
29.8151
29.8201
29.8251
29.8301
29.8351
29.8402
29.8451
29.8501
29.8551
29.8601
29.8651
29.8702
29.8752
29.8801
29.8851
29.8902
29.8951
29.9001
29.905
29.9101
29.9151
29.9201
29.9251
29.9301
29.9351
29.9401
29.9452
29.9501
29.9551
29.9602
29.9651
29.9701
29.9751
29.9801
29.9851
29.9901
29.9952
30.0001
30.0051
30.0101
30.0152
30.0201
30.0251
30.0301
30.0351
30.0401
30.0451
30.0501
30.0551
30.0601
30.0651
30.0701
30.0751
30.0801
30.0852
30.0901
30.0951
30.1001
30.1051
30.1101
30.1151
30.1201
30.1251
30.13
30.1351
30.1402
30.1451
30.1502
30.1551
30.1602
30.1651
30.1701
30.1752
30.1801
30.1851
30.1901
30.1951
30.2001
30.2051
30.2101
30.2151
30.2201
30.2251
30.2301
30.2353
30.2401
30.2451
30.2501
30.2552
30.2602
30.2652
30.2701
30.2751
30.2801
30.2852
30.2901
30.2951
30.3001
30.3052
30.3101
30.3151
30.3202
30.3252
30.3301
30.3351
30.3401
30.3451
30.3501
30.3551
30.3601
30.3651
30.3701
30.3751
30.3801
30.3851
30.3901
30.3951
30.4001
30.4051
30.4102
30.4152
30.4201
30.4251
30.4301
30.4351
30.4401
30.4451
30.4501
30.4552
30.4601
30.4651
30.4701
30.4751
30.4801
30.4851
30.4901
30.4951
30.5001
30.5051
30.5101
30.5152
30.5201
30.5251
30.5301
30.5351
30.5401
30.5451
30.5501
30.5551
30.5602
30.5651
30.5701
30.5751
30.5801
30.5851
30.5901
30.5951
30.6001
30.6051
30.6101
30.6151
30.6201
30.6251
30.6301
30.6352
30.6401
30.6451
30.6501
30.6551
30.6601
30.6651
30.6701
30.6752
30.6801
30.6851
30.69
30.6951
30.7
30.7051
30.7102
30.7151
30.7201
30.7251
30.7301
30.7351
30.7401
30.7451
30.7502
30.7551
30.7601
30.7652
30.7701
30.7751
30.7801
30.7851
30.7901
30.7951
30.8001
30.8051
30.8101
30.8151
30.8201
30.8252
30.8301
30.8351
30.8401
30.8451
30.8501
30.8551
30.8601
30.8651
30.8702
30.8751
30.8801
30.8851
30.8901
30.8951
30.9001
30.9051
30.9101
30.9151
30.9201
30.9251
30.9302
30.9351
30.9401
30.9451
30.9501
30.9551
30.9601
30.9652
30.9701
30.9751
30.9801
30.9851
30.9901
30.9951
31.0001
31.0052
31.0102
31.0151
31.0201
31.0251
31.0301
31.0351
31.0401
31.0451
31.0502
31.0552
31.0601
31.0651
31.0701
31.0752
31.0801
31.0852
31.0901
31.0951
31.1001
31.1052
31.1101
31.1151
31.1201
31.1251
31.1301
31.1351
31.1401
31.1451
31.1501
31.1551
31.1601
31.1651
31.1701
31.1751
31.1801
31.1851
31.1902
31.1952
31.2002
31.2051
31.2101
31.2151
31.2201
31.2251
31.2301
31.2351
31.2401
31.2451
31.2501
31.2551
31.2601
31.2651
31.2701
31.2751
31.2801
31.2851
31.2901
31.2951
31.3
31.3052
31.3101
31.3151
31.3201
31.3252
31.3302
31.3351
31.3401
31.3451
31.3501
31.3551
31.3601
31.3651
31.3702
31.3751
31.3801
31.3852
31.3902
31.3951
31.4001
31.4051
31.4101
31.4151
31.4201
31.4251
31.4301
31.435
31.4401
31.4451
31.4502
31.4551
31.4602
31.4652
31.4702
31.4751
31.4801
31.4851
31.4901
31.4952
31.5002
31.5051
31.5101
31.5151
31.5201
31.5251
31.5301
31.5351
31.5401
31.5451
31.5501
31.5551
31.5601
31.5651
31.5702
31.5751
31.5801
31.5851
31.5901
31.5951
31.6001
31.6052
31.6101
31.6151
31.6201
31.6251
31.6301
31.6351
31.6401
31.6451
31.6501
31.6552
31.6601
31.6652
31.6701
31.6751
31.6802
31.6851
31.6902
31.6951
31.7002
31.7051
31.7101
31.7151
31.7201
31.7251
31.7301
31.7351
31.7401
31.7451
31.7502
31.7552
31.7601
31.7652
31.7702
31.7751
31.7801
31.7852
31.7901
31.7951
31.8001
31.8051
31.8102
31.8151
31.8201
31.8252
31.8302
31.8352
31.8401
31.8451
31.8501
31.8551
31.8601
31.8651
31.8701
31.8751
31.8801
31.8851
31.8902
31.8951
31.9001
31.9051
31.9101
31.9152
31.9201
31.9251
31.9301
31.9351
31.9401
31.9451
31.9501
31.9551
31.9601
31.9651
31.9701
31.9752
31.9801
31.9852
31.9901
31.9952
32.0001
32.0052
32.0101
32.0151
32.0201
32.0252
32.0301
32.0352
32.0401
32.0451
32.0501
32.0551
32.0601
32.0651
32.0701
32.0751
32.0801
32.0853
32.0901
32.0952
32.1001
32.1052
32.1101
32.1151
32.1201
32.1251
32.1301
32.1351
32.1401
32.1451
32.1501
32.1551
32.1601
32.1652
32.1701
32.1751
32.1801
32.1851
32.1901
32.1951
32.2001
32.2051
32.2101
32.2153
32.2201
32.2251
32.2301
32.2351
32.2401
32.2451
32.2501
32.2551
32.2601
32.2651
32.2702
32.2751
32.2801
32.2851
32.2901
32.2951
32.3001
32.3051
32.3101
32.3151
32.3201
32.3251
32.3301
32.3351
32.3401
32.3451
32.3501
32.3551
32.3601
32.3651
32.3701
32.3751
32.3801
32.3851
32.3901
32.3951
32.4001
32.4051
32.4101
32.4152
32.4201
32.4251
32.4302
32.4351
32.4401
32.4451
32.4501
32.4551
32.4601
32.4651
32.4701
32.4752
32.4801
32.4851
32.4902
32.4952
32.5001
32.5052
32.5101
32.5152
32.5201
32.5251
32.5301
32.5352
32.5401
32.5451
32.5502
32.5551
32.5601
32.5651
32.5701
32.5751
32.5801
32.5851
32.5901
32.5951
32.6001
32.6052
32.6101
32.6151
32.6201
32.6251
32.6301
32.6351
32.6401
32.6451
32.6501
32.6551
32.6601
32.6651
32.6701
32.6751
32.6801
32.6851
32.6901
32.6951
32.7001
32.7051
32.7101
32.7151
32.7201
32.7251
32.7301
32.7351
32.7401
32.7451
32.7501
32.7551
32.7601
32.7651
32.7702
32.7751
32.7801
32.7851
32.7901
32.7951
32.8001
32.8051
32.8102
32.8151
32.8202
32.8252
32.8302
32.8351
32.8401
32.8451
32.8501
32.8551
32.8601
32.8651
32.8701
32.8751
32.8801
32.8851
32.8901
32.8951
32.9001
32.9051
32.9101
32.9151
32.9201
32.9251
32.9302
32.9351
32.9401
32.9451
32.9501
32.9551
32.9601
32.9651
32.9701
32.9751
32.9801
32.9851
32.9901
32.9951
33.0001
33.0051
33.0101
33.0152
33.0201
33.0251
33.0301
33.0351
33.0401
33.0451
33.0501
33.0551
33.0601
33.0651
33.0701
33.0751
33.0801
33.0851
33.0901
33.0951
33.1001
33.1051
33.1101
33.1152
33.1201
33.1251
33.1301
33.1351
33.1401
33.1452
33.1501
33.1551
33.1601
33.1651
33.1701
33.1751
33.1801
33.1851
33.19
33.1951
33.2001
33.2051
33.2102
33.2152
33.2202
33.2252
33.2301
33.2351
33.2401
33.2451
33.2501
33.2551
33.2601
33.2651
33.2701
33.2751
33.2801
33.2851
33.2901
33.2951
33.3001
33.3051
33.3101
33.3151
33.3201
33.3251
33.3301
33.3351
33.3401
33.3451
33.3501
33.3551
33.3601
33.3651
33.3701
33.3751
33.3801
33.3851
33.3901
33.3951
33.4001
33.4051
33.4101
33.4151
33.4202
33.4251
33.4301
33.4351
33.4401
33.4451
33.4501
33.4551
33.4601
33.4651
33.4701
33.4751
33.4801
33.4851
33.4901
33.4951
33.5001
33.5051
33.5101
33.5152
33.5201
33.5252
33.5301
33.5352
33.5401
33.5452
33.5501
33.5551
33.5601
33.5651
33.5701
33.5751
33.5801
33.5851
33.5901
33.5951
33.6001
33.6051
33.6101
33.6151
33.6201
33.6252
33.6301
33.6352
33.6401
33.6451
33.6501
33.6551
33.6601
33.6651
33.6701
33.6751
33.6801
33.6851
33.6901
33.6951
33.7001
33.7051
33.7101
33.7151
33.7201
33.7251
33.7301
33.7351
33.7401
33.7451
33.7501
33.7551
33.7601
33.7651
33.7701
33.7751
33.7801
33.7851
33.7901
33.7951
33.8002
33.8051
33.8101
33.8151
33.8201
33.8251
33.8301
33.8351
33.8402
33.8451
33.8501
33.8551
33.8601
33.8651
33.8702
33.8752
33.8801
33.8851
33.8901
33.8951
33.9001
33.9051
33.9101
33.9152
33.9201
33.9251
33.9302
33.9351
33.9402
33.9451
33.9502
33.9551
33.9601
33.9651
33.9701
33.9751
33.9801
33.9851
33.9901
33.9952
34.0001
34.0051
34.0101
34.0152
34.0201
34.0251
34.0302
34.0351
34.0401
34.0452
34.0501
34.0551
34.0601
34.0651
34.0701
34.0751
34.0801
34.0852
34.0901
34.0951
34.1001
34.1051
34.1101
34.1152
34.1201
34.1251
34.1301
34.1351
34.1402
34.1451
34.1501
34.1551
34.1601
34.1651
34.1701
34.1751
34.1801
34.1851
34.1901
34.1951
34.2001
34.2051
34.2101
34.2151
34.2201
34.2252
34.2301
34.2351
34.2401
34.2451
34.2501
34.2551
34.2601
34.2651
34.2701
34.2752
34.2801
34.2851
34.2901
34.2951
34.3001
34.3051
34.3101
34.3151
34.3201
34.3251
34.3301
34.3351
34.3401
34.3451
34.3501
34.3552
34.3601
34.3651
34.3702
34.3752
34.3801
34.3851
34.3901
34.3952
34.4002
34.4052
34.4101
34.4151
34.4201
34.4251
34.4301
34.4351
34.4402
34.4451
34.4501
34.4551
34.4601
34.4651
34.4701
34.4751
34.4801
34.4851
34.4901
34.4951
34.5001
34.5051
34.5101
34.5151
34.5201
34.5251
34.5301
34.5351
34.5401
34.5451
34.5501
34.5551
34.5601
34.5651
34.5701
34.5751
34.5801
34.5851
34.5901
34.5951
34.6001
34.6051
34.6101
34.6151
34.6201
34.6252
34.6301
34.6351
34.6401
34.6452
34.6501
34.6552
34.6601
34.6652
34.6702
34.6752
34.6802
34.6851
34.6901
34.6951
34.7001
34.7051
34.7101
34.7151
34.7202
34.7251
34.7301
34.7351
34.7401
34.7452
34.7501
34.7551
34.7601
34.7652
34.7701
34.7751
34.7801
34.7851
34.7901
34.7951
34.8001
34.8051
34.8101
34.8151
34.8201
34.8251
34.8301
34.8351
34.8401
34.8451
34.8502
34.8551
34.8602
34.8651
34.8701
34.8752
34.8801
34.8851
34.8901
34.8952
34.9001
34.9051
34.9101
34.9151
34.9202
34.9251
34.9301
34.9351
34.9401
34.9451
34.9501
34.9551
34.9601
34.9651
34.9702
34.9751
34.9802
34.9852
34.9901
34.9951
35.0001
35.0051
35.0101
35.0152
35.0202
35.0251
35.0302
35.0351
35.0401
35.0452
35.0502
35.0552
35.0601
35.0652
35.0701
35.0751
35.0801
35.0851
35.0901
35.0951
35.1001
35.1052
35.11
35.1152
35.1201
35.1251
35.1301
35.1351
35.1401
35.1451
35.1501
35.1551
35.1601
35.1651
35.1702
35.1751
35.1801
35.1851
35.1902
35.1951
35.2001
35.2051
35.2101
35.2151
35.2201
35.2251
35.2301
35.2351
35.2401
35.2451
35.2501
35.2552
35.2601
35.2651
35.2701
35.2752
35.2801
35.2851
35.2901
35.2951
35.3002
35.3051
35.3101
35.3151
35.3201
35.3251
35.3301
35.3351
35.3401
35.3451
35.3501
35.3551
35.3601
35.3651
35.3701
35.3751
35.3801
35.3851
35.3902
35.3951
35.4001
35.4051
35.4101
35.4151
35.4201
35.4251
35.4301
35.4352
35.4401
35.4451
35.4501
35.4551
35.4602
35.4651
35.4703
35.4751
35.4801
35.4851
35.4902
35.4952
35.5001
35.5051
35.5101
35.5151
35.5201
35.5251
35.5301
35.5351
35.5401
35.5451
35.5501
35.5551
35.5601
35.5651
35.5701
35.5751
35.5801
35.5851
35.5901
35.5951
35.6001
35.6051
35.6102
35.6151
35.6201
35.6251
35.6301
35.6351
35.6401
35.6451
35.6501
35.6551
35.6601
35.6652
35.6701
35.6751
35.6801
35.6851
35.6901
35.6951
35.7001
35.7051
35.7101
35.7151
35.7201
35.7251
35.7301
35.7351
35.7401
35.7451
35.7501
35.7551
35.7601
35.7651
35.7701
35.7751
35.7801
35.7851
35.7901
35.7951
35.8001
35.8051
35.8101
35.8151
35.8201
35.8251
35.8301
35.8351
35.8401
35.8451
35.8502
35.8551
35.8601
35.8651
35.8701
35.8752
35.8801
35.8851
35.8901
35.8951
35.9002
35.9051
35.9102
35.9151
35.9201
35.9251
35.9301
35.9351
35.9401
35.9451
35.9501
35.9551
35.9601
35.9652
35.9701
35.9751
35.9801
35.9851
35.9901
35.9952
36.0001
36.0051
36.0101
36.0151
36.0202
36.0252
36.0301
36.0352
36.0401
36.0451
36.0501
36.0552
36.0602
36.0652
36.0701
36.0752
36.0801
36.0851
36.0901
36.0951
36.1002
36.1051
36.1102
36.1152
36.1201
36.1251
36.1301
36.1352
36.1401
36.1451
36.1501
36.1551
36.1601
36.1652
36.1701
36.1752
36.1801
36.1851
36.1901
36.1951
36.2002
36.2051
36.2101
36.2151
36.2201
36.2251
36.2301
36.2351
36.2401
36.2451
36.2501
36.2551
36.2601
36.2651
36.2701
36.2751
36.2801
36.2851
36.2901
36.2951
36.3001
36.3051
36.3101
36.3151
36.3201
36.3251
36.3301
36.3351
36.3401
36.3451
36.3501
36.3552
36.3601
36.3651
36.3701
36.3752
36.3801
36.3851
36.3901
36.3951
36.4001
36.4051
36.4101
36.4151
36.4201
36.4251
36.4301
36.4351
36.4401
36.4451
36.4501
36.4551
36.4601
36.4651
36.4701
36.4751
36.4801
36.4851
36.4901
36.4951
36.5001
36.5051
36.5101
36.5151
36.5201
36.5251
36.5301
36.5351
36.5401
36.5451
36.5501
36.5551
36.5601
36.5651
36.5701
36.5751
36.5801
36.5851
36.5901
36.5952
36.6001
36.6051
36.6101
36.6151
36.6201
36.6251
36.6301
36.6351
36.6401
36.6451
36.6501
36.6551
36.6601
36.6651
36.6701
36.6752
36.6801
36.6852
36.6901
36.6951
36.7002
36.7051
36.7101
36.7151
36.7201
36.7251
36.73
36.7351
36.7401
36.7451
36.7501
36.7551
36.7601
36.7651
36.7701
36.7751
36.7801
36.7852
36.7901
36.7952
36.8001
36.8052
36.8101
36.8151
36.8201
36.8251
36.8301
36.8351
36.8401
36.8451
36.8501
36.8551
36.8601
36.8651
36.8701
36.8751
36.8801
36.8852
36.8901
36.8952
36.9002
36.9051
36.9102
36.9151
36.9201
36.9251
36.9301
36.9351
36.9401
36.9451
36.9501
36.9552
36.9601
36.9651
36.9701
36.9751
36.9801
36.9851
36.9901
36.9951
37.0002
37.005
37.0102
37.0151
37.0201
37.0251
37.0301
37.0351
37.0401
37.0451
37.0501
37.0551
37.0601
37.0651
37.0701
37.0751
37.0801
37.0851
37.0902
37.0951
37.1002
37.1052
37.1102
37.1151
37.1201
37.1251
37.1301
37.1352
37.1401
37.1452
37.1501
37.1552
37.1601
37.1651
37.1701
37.1751
37.1801
37.1851
37.1901
37.1952
37.2001
37.2051
37.2101
37.2152
37.2201
37.2251
37.2301
37.2351
37.2401
37.2451
37.2501
37.2551
37.2601
37.2651
37.2701
37.2751
37.2801
37.2851
37.2901
37.2952
37.3001
37.3052
37.31
37.3151
37.3201
37.3251
37.3301
37.3351
37.3401
37.3451
37.3501
37.3551
37.3601
37.3652
37.3702
37.3751
37.3801
37.3851
37.3901
37.3951
37.4002
37.4051
37.4102
37.4151
37.4201
37.4251
37.4301
37.4351
37.4401
37.4452
37.4501
37.4551
37.4602
37.4651
37.4701
37.4751
37.4801
37.4851
37.4901
37.4952
37.5001
37.5051
37.5101
37.5151
37.5202
37.5251
37.5301
37.5351
37.5401
37.5451
37.5501
37.5551
37.5601
37.565
37.5702
37.5751
37.5801
37.5851
37.5901
37.5951
37.6002
37.6052
37.6101
37.6151
37.6201
37.6251
37.6302
37.6351
37.6401
37.6451
37.6501
37.6552
37.6601
37.6651
37.6701
37.6752
37.6802
37.6851
37.6901
37.6952
37.7001
37.7052
37.7102
37.7152
37.7201
37.7252
37.7302
37.7352
37.7401
37.7451
37.7502
37.7552
37.7601
37.7651
37.7702
37.7751
37.7802
37.7851
37.7901
37.7951
37.8001
37.8051
37.8102
37.8152
37.8202
37.8251
37.8301
37.8351
37.8401
37.8452
37.85
37.8552
37.8601
37.8651
37.8701
37.8751
37.8801
37.8852
37.8902
37.8951
37.9001
37.9051
37.9102
37.9151
37.9202
37.9251
37.9301
37.9351
37.9401
37.9451
37.9502
37.9551
37.9601
37.9651
37.9701
37.9751
37.9801
37.9851
37.9901
37.9951
38.0001
38.0051
38.0101
38.0152
38.0201
38.0251
38.0302
38.0351
38.0401
38.0451
38.0502
38.0551
38.0601
38.0651
38.0701
38.0751
38.0801
38.0851
38.0901
38.0951
38.1001
38.1051
38.1101
38.1151
38.1202
38.1251
38.1301
38.1351
38.1402
38.1451
38.1501
38.1551
38.1601
38.1651
38.1701
38.1751
38.1802
38.1852
38.1901
38.1951
38.2001
38.2051
38.2101
38.2151
38.2202
38.2252
38.2302
38.2351
38.2401
38.2451
38.2501
38.2552
38.2601
38.2652
38.2701
38.2751
38.2801
38.2851
38.2901
38.2951
38.3001
38.3051
38.3101
38.3151
38.3201
38.3251
38.3301
38.3351
38.3401
38.3451
38.3501
38.3551
38.3601
38.3651
38.3701
38.3752
38.3801
38.3851
38.3901
38.3951
38.4001
38.4051
38.4101
38.4151
38.4201
38.4251
38.4301
38.4351
38.4401
38.4451
38.4501
38.4551
38.4601
38.4651
38.4701
38.4751
38.4801
38.4851
38.4901
38.4951
38.5001
38.5051
38.5101
38.5151
38.5202
38.5252
38.5301
38.5351
38.5401
38.5451
38.5501
38.5551
38.5601
38.5651
38.5701
38.5751
38.5801
38.5851
38.5901
38.5951
38.6001
38.6051
38.6101
38.6151
38.6201
38.6251
38.6301
38.6351
38.6402
38.6451
38.6501
38.6551
38.6601
38.6651
38.6701
38.6751
38.6801
38.6851
38.6901
38.6951
38.7001
38.7051
38.7102
38.7151
38.7201
38.7251
38.7302
38.7351
38.7402
38.7451
38.7502
38.7551
38.7601
38.7652
38.7701
38.7751
38.7802
38.7851
38.7901
38.7951
38.8001
38.8051
38.8101
38.8152
38.8201
38.8251
38.8301
38.8352
38.8402
38.8451
38.8501
38.8551
38.8601
38.8651
38.8701
38.8751
38.8801
38.8852
38.8901
38.8951
38.9001
38.9051
38.9101
38.9151
38.9201
38.9251
38.9302
38.9351
38.9402
38.9452
38.9502
38.9551
38.9601
38.9651
38.9701
38.9751
38.9801
38.9851
38.9901
38.9951
39.0001
39.0051
39.0101
39.0151
39.0201
39.0251
39.0301
39.0351
39.0401
39.0451
39.0501
39.0551
39.0601
39.0651
39.0701
39.0751
39.0801
39.0851
39.0901
39.0951
39.1001
39.1051
39.1101
39.1151
39.1201
39.1251
39.1301
39.1351
39.1402
39.1452
39.1501
39.1551
39.1601
39.1651
39.1701
39.1751
39.1801
39.1851
39.1901
39.1951
39.2001
39.2051
39.2101
39.2151
39.2201
39.2251
39.2301
39.2351
39.2402
39.2452
39.2501
39.2552
39.2602
39.2652
39.2701
39.2751
39.2801
39.2851
39.2901
39.2951
39.3001
39.3051
39.3101
39.3152
39.3201
39.3252
39.3301
39.3351
39.3402
39.3451
39.3501
39.3552
39.3601
39.3651
39.3701
39.3751
39.3801
39.3852
39.3901
39.3951
39.4001
39.4051
39.4101
39.4151
39.4201
39.4251
39.4302
39.4351
39.4401
39.4451
39.4501
39.4551
39.4601
39.4651
39.4701
39.4751
39.4801
39.4851
39.4901
39.4951
39.5002
39.5051
39.5101
39.5151
39.5202
39.5252
39.5301
39.5351
39.5401
39.5451
39.5502
39.5551
39.5602
39.5651
39.5702
39.5751
39.5801
39.5851
39.5901
39.5951
39.6001
39.6051
39.6101
39.6151
39.6202
39.6252
39.6301
39.6351
39.6401
39.645
39.6501
39.6551
39.6601
39.6651
39.6701
39.6751
39.6801
39.6851
39.6901
39.6951
39.7001
39.7051
39.7101
39.7151
39.7201
39.7251
39.7301
39.7352
39.7401
39.7451
39.7501
39.7551
39.7601
39.7651
39.7701
39.7751
39.7801
39.7851
39.7901
39.7951
39.8001
39.8051
39.8101
39.8151
39.8201
39.8251
39.8301
39.8351
39.8401
39.8451
39.8501
39.8552
39.8601
39.8651
39.8701
39.8751
39.8801
39.8852
39.8901
39.8951
39.9002
39.9052
39.9101
39.9152
39.9201
39.9251
39.9301
39.9351
39.9401
39.9451
39.9501
39.9552
39.9601
39.9652
39.9701
39.9752
39.9802
39.9852
39.9901
39.9952
40.0001
40.0051
40.0101
40.0152
40.0202
40.0252
40.0301
40.0352
40.0402
40.0452
40.0501
40.0551
40.0602
40.0651
40.0702
40.0751
40.0802
40.0851
40.0901
40.0951
40.1001
40.1052
40.1102
40.1151
40.1201
40.1251
40.1302
40.1352
40.1402
40.1451
40.1501
40.1551
40.1602
40.1652
40.1702
40.1751
40.1801
40.1851
40.1901
40.1951
40.2002
40.2051
40.2102
40.2151
40.2201
40.2251
40.2301
40.2351
40.2401
40.2451
40.2501
40.2551
40.2601
40.2651
40.2701
40.2752
40.2801
40.2852
40.2901
40.2951
40.3001
40.3051
40.3101
40.3151
40.3201
40.3251
40.3302
40.3352
40.3401
40.3451
40.3501
40.3551
40.3602
40.3652
40.3702
40.3751
40.3801
40.3852
40.3901
40.3951
40.4001
40.4051
40.4101
40.4151
40.4201
40.4251
40.4301
40.4351
40.4401
40.4452
40.4501
40.4551
40.4601
40.4651
40.4701
40.4751
40.4801
40.4852
40.4901
40.4951
40.5001
40.5051
40.5101
40.5152
40.5201
40.5251
40.5301
40.5351
40.5401
40.5451
40.5502
40.5551
40.5601
40.5651
40.5701
40.5752
40.5801
40.5851
40.5902
40.5951
40.6002
40.6051
40.6101
40.6151
40.6201
40.6251
40.6301
40.6351
40.6401
40.6451
40.6501
40.6551
40.6601
40.6651
40.6701
40.6751
40.6802
40.6851
40.6901
40.6951
40.7001
40.7051
40.7101
40.7151
40.7201
40.7251
40.7301
40.7351
40.7401
40.7451
40.7501
40.755
40.7601
40.7651
40.7702
40.7751
40.7802
40.7851
40.7901
40.7951
40.8001
40.8051
40.8101
40.8152
40.8201
40.8251
40.8301
40.8351
40.8401
40.8452
40.8501
40.8551
40.8601
40.8651
40.8701
40.8751
40.8801
40.8851
40.8901
40.8951
40.9001
40.9051
40.9101
40.9151
40.9201
40.9251
40.9301
40.9351
40.9401
40.9451
40.9501
40.9551
40.9601
40.9651
40.9701
40.9751
40.9801
40.9852
40.9902
40.9952
41.0001
41.0051
41.0101
41.0151
41.0201
41.0251
41.0302
41.0351
41.0401
41.0452
41.0501
41.0551
41.0601
41.0651
41.0701
41.0751
41.0802
41.0851
41.0901
41.0951
41.1001
41.1051
41.1101
41.1151
41.1201
41.1252
41.1301
41.1351
41.1401
41.1451
41.1501
41.1551
41.1601
41.1651
41.1701
41.1751
41.1801
41.1851
41.1902
41.1951
41.2002
41.2051
41.2101
41.2151
41.2201
41.2251
41.2301
41.2351
41.2401
41.2451
41.2502
41.2551
41.2601
41.2651
41.2701
41.2751
41.2801
41.2851
41.2901
41.2952
41.3001
41.3051
41.3101
41.3151
41.3201
41.3251
41.3301
41.3351
41.3401
41.3451
41.3501
41.3551
41.3601
41.3651
41.3701
41.3751
41.3801
41.3851
41.3901
41.3952
41.4001
41.4052
41.4101
41.4151
41.4201
41.4251
41.4301
41.4351
41.4401
41.4451
41.4501
41.4551
41.4601
41.4652
41.4701
41.4751
41.4801
41.4851
41.4901
41.4951
41.5001
41.5051
41.5101
41.5151
41.5201
41.5251
41.5301
41.5351
41.5401
41.5452
41.5501
41.5551
41.5601
41.5651
41.5701
41.5751
41.5801
41.5851
41.5901
41.5951
41.6002
41.6051
41.6102
41.6152
41.6201
41.6251
41.6302
41.6351
41.6401
41.6451
41.6502
41.6551
41.6601
41.6652
41.6702
41.6751
41.6801
41.6851
41.6901
41.6951
41.7001
41.7051
41.7102
41.7151
41.7201
41.7251
41.7301
41.7351
41.7401
41.7451
41.7501
41.7551
41.7601
41.7651
41.7701
41.7751
41.7801
41.7851
41.7901
41.7951
41.8001
41.8052
41.8101
41.8151
41.8201
41.8251
41.8301
41.8351
41.8401
41.8451
41.8501
41.8551
41.8601
41.8651
41.8701
41.8751
41.8801
41.8851
41.8901
41.895
41.9001
41.9051
41.9101
41.9151
41.9202
41.9251
41.9302
41.9351
41.9401
41.9451
41.9501
41.9551
41.9601
41.9652
41.9701
41.9751
41.9801
41.9851
41.9901
41.9951
42.0001
42.0051
42.0101
42.0151
42.0201
42.0251
42.0301
42.0351
42.0401
42.0451
42.0501
42.0551
42.0601
42.0651
42.0701
42.0751
42.0802
42.0852
42.0901
42.0951
42.1001
42.1051
42.1102
42.1151
42.1201
42.1251
42.1301
42.1351
42.1401
42.1451
42.1501
42.1551
42.1601
42.1651
42.1701
42.1751
42.1801
42.1851
42.1901
42.1951
42.2001
42.2051
42.2101
42.2152
42.2202
42.2252
42.2301
42.2351
42.2401
42.2451
42.2501
42.2551
42.2601
42.2651
42.2701
42.2751
42.2801
42.2852
42.2901
42.2951
42.3001
42.3051
42.3101
42.3151
42.3202
42.3251
42.3302
42.3351
42.3401
42.3451
42.3501
42.3551
42.3601
42.3651
42.3701
42.3751
42.3801
42.3851
42.3901
42.3951
42.4001
42.4051
42.4101
42.4151
42.4201
42.4251
42.4301
42.4351
42.4402
42.4451
42.4501
42.4551
42.4601
42.4651
42.4701
42.4751
42.4801
42.4852
42.4901
42.4952
42.5001
42.5052
42.5102
42.5151
42.5201
42.5251
42.5302
42.5351
42.5401
42.5451
42.5501
42.5551
42.5601
42.5651
42.5701
42.5751
42.5801
42.5851
42.5901
42.5951
42.6001
42.6051
42.6101
42.6152
42.6201
42.6252
42.6301
42.6351
42.6401
42.6451
42.6501
42.6551
42.6601
42.6651
42.6701
42.6751
42.6801
42.6851
42.6901
42.6951
42.7001
42.7051
42.7101
42.7152
42.7201
42.7251
42.7301
42.7351
42.7401
42.7451
42.7501
42.7551
42.7601
42.7651
42.7701
42.7751
42.7801
42.7851
42.7901
42.7951
42.8001
42.8051
42.8101
42.8151
42.8201
42.8251
42.8301
42.8352
42.8401
42.8451
42.8501
42.8552
42.8601
42.8651
42.8701
42.8751
42.8801
42.8851
42.8901
42.8951
42.9001
42.9051
42.9101
42.9151
42.9201
42.9251
42.9302
42.9351
42.9401
42.9451
42.9501
42.9551
42.9601
42.9651
42.9701
42.9751
42.9801
42.9851
42.9901
42.9951
43.0001
43.0051
43.0101
43.0151
43.0201
43.0251
43.0301
43.0351
43.0401
43.0452
43.0501
43.0551
43.0601
43.0651
43.0701
43.0751
43.0801
43.0851
43.0902
43.0952
43.1002
43.1051
43.1101
43.1151
43.1201
43.1251
43.1301
43.1351
43.1401
43.1451
43.1501
43.1551
43.1601
43.1651
43.1702
43.1751
43.1801
43.1852
43.1902
43.1951
43.2001
43.2051
43.2101
43.2151
43.2201
43.2251
43.2302
43.2351
43.2401
43.2451
43.2501
43.2551
43.2601
43.2651
43.2701
43.2751
43.2801
43.2851
43.29
43.2951
43.3001
43.3051
43.3102
43.3151
43.3201
43.3251
43.3301
43.3351
43.3401
43.3451
43.3502
43.3551
43.3602
43.3651
43.3701
43.3751
43.3801
43.3851
43.3901
43.3951
43.4001
43.4051
43.4101
43.4151
43.4201
43.4251
43.4301
43.4351
43.4401
43.4451
43.4501
43.4551
43.4601
43.4651
43.4701
43.4751
43.4801
43.4851
43.4901
43.4951
43.5002
43.5051
43.5102
43.5151
43.5202
43.5251
43.5301
43.5351
43.5401
43.5451
43.5501
43.5552
43.5602
43.5652
43.5701
43.5751
43.5801
43.5851
43.5901
43.5951
43.6001
43.6051
43.6101
43.6151
43.6201
43.6251
43.6301
43.6351
43.6401
43.6451
43.6501
43.6552
43.6602
43.6652
43.6701
43.6751
43.6801
43.6851
43.6901
43.6951
43.7001
43.7051
43.7101
43.7151
43.7201
43.7251
43.7301
43.7351
43.7401
43.7451
43.7501
43.7551
43.7601
43.7651
43.7703
43.7751
43.7801
43.7851
43.7901
43.7951
43.8001
43.8051
43.8101
43.8151
43.8201
43.8251
43.8301
43.8351
43.8401
43.8451
43.8501
43.8552
43.8602
43.8651
43.8701
43.8751
43.8801
43.8851
43.8901
43.8951
43.9001
43.9051
43.9102
43.9151
43.9201
43.9251
43.9301
43.9351
43.9401
43.9451
43.9501
43.9551
43.9601
43.9652
43.9701
43.9751
43.9801
43.9852
43.9901
43.9951
44.0001
44.0051
44.0101
44.0151
44.0201
44.0251
44.0301
44.0351
44.0401
44.0451
44.0501
44.0551
44.0602
44.0652
44.0701
44.0751
44.0801
44.0851
44.0901
44.0951
44.1001
44.1051
44.1101
44.1151
44.1201
44.1251
44.1301
44.1351
44.1401
44.1451
44.1501
44.1551
44.1601
44.1651
44.1701
44.1751
44.1801
44.1851
44.1901
44.1951
44.2001
44.2051
44.2101
44.2151
44.2201
44.2251
44.2301
44.2351
44.2401
44.2451
44.2501
44.2552
44.2601
44.2651
44.2701
44.2751
44.2801
44.2852
44.2901
44.2951
44.3002
44.3051
44.3101
44.3151
44.3201
44.3251
44.3301
44.3351
44.3401
44.3451
44.3501
44.3551
44.3601
44.3651
44.3701
44.3751
44.38
44.3851
44.3901
44.3951
44.4001
44.4051
44.4101
44.4151
44.4201
44.4251
44.4301
44.4351
44.4401
44.4451
44.4501
44.4551
44.4601
44.4651
44.4701
44.4752
44.4801
44.4851
44.4901
44.4951
44.5001
44.5051
44.5101
44.5151
44.5201
44.5251
44.5301
44.5351
44.5401
44.5451
44.5501
44.5552
44.5601
44.5652
44.5702
44.5751
44.5801
44.5851
44.5901
44.5951
44.6001
44.6052
44.6101
44.6151
44.6201
44.6251
44.6301
44.6351
44.6401
44.6451
44.6501
44.6551
44.6601
44.6651
44.6701
44.6751
44.6802
44.6851
44.6902
44.6951
44.7001
44.7051
44.7101
44.7151
44.7201
44.7252
44.7301
44.7351
44.7401
44.7451
44.7501
44.7551
44.7601
44.7652
44.7701
44.7751
44.7802
44.7851
44.7901
44.7951
44.8001
44.8051
44.8101
44.8151
44.8201
44.8251
44.8301
44.8351
44.8401
44.8451
44.8501
44.8551
44.8601
44.8651
44.8701
44.8752
44.8801
44.8852
44.8901
44.8951
44.9001
44.9051
44.9101
44.9151
44.9201
44.9251
44.9301
44.9351
44.9401
44.9451
44.9501
44.9551
44.9601
44.9651
44.9701
44.9751
44.9801
44.9851
44.9902
44.9951
45.0001
45.0051
45.0101
45.0151
45.0201
45.0251
45.0301
45.0351
45.0401
45.0452
45.0501
45.0551
45.0601
45.0651
45.0701
45.0751
45.0801
45.0851
45.0902
45.0951
45.1002
45.1051
45.1101
45.1151
45.1201
45.1251
45.1301
45.1351
45.1401
45.1451
45.1501
45.1551
45.1601
45.1651
45.1701
45.1751
45.1801
45.1851
45.1901
45.1951
45.2001
45.2052
45.2102
45.2151
45.2201
45.2251
45.2301
45.2351
45.2401
45.2451
45.2501
45.2551
45.2601
45.2651
45.2701
45.2751
45.2801
45.2851
45.2901
45.2951
45.3001
45.3051
45.3102
45.3152
45.3202
45.3252
45.3301
45.3352
45.3401
45.3451
45.3501
45.3551
45.3601
45.3651
45.3701
45.3752
45.3801
45.3852
45.3901
45.3951
45.4001
45.4052
45.4101
45.4151
45.4202
45.4252
45.4301
45.4351
45.4401
45.4452
45.4501
45.4551
45.4601
45.4651
45.4701
45.4751
45.4801
45.4851
45.4901
45.4951
45.5002
45.5051
45.5101
45.5152
45.5201
45.5251
45.5301
45.5351
45.5401
45.5451
45.5501
45.5551
45.5601
45.5651
45.5701
45.5751
45.5801
45.5851
45.5901
45.5951
45.6001
45.6051
45.6101
45.6151
45.6201
45.6251
45.6301
45.6351
45.6401
45.6451
45.6501
45.6551
45.6602
45.6651
45.6701
45.6752
45.6801
45.6852
45.6902
45.6951
45.7001
45.7052
45.7101
45.7151
45.7201
45.7251
45.7302
45.7351
45.7401
45.7451
45.7501
45.7551
45.7601
45.7651
45.7701
45.7751
45.7801
45.7851
45.7901
45.7951
45.8001
45.8051
45.8101
45.8151
45.8201
45.8251
45.8301
45.8351
45.8401
45.8451
45.8501
45.8551
45.8601
45.8651
45.8701
45.8751
45.8801
45.8851
45.8901
45.8951
45.9001
45.9051
45.9101
45.9151
45.9201
45.9251
45.9301
45.9351
45.9401
45.9451
45.9501
45.9551
45.9601
45.9651
45.9701
45.9751
45.9801
45.9851
45.9901
45.9951
46.0001
46.0051
46.0101
46.0152
46.0201
46.0251
46.0301
46.0351
46.0401
46.0451
46.0501
46.0551
46.0601
46.0651
46.0701
46.0751
46.0801
46.0851
46.0901
46.0951
46.1001
46.1051
46.1101
46.1151
46.1201
46.1251
46.1301
46.1352
46.1402
46.1451
46.1501
46.1551
46.1602
46.1651
46.1701
46.1751
46.1801
46.1851
46.1901
46.1951
46.2001
46.2051
46.2101
46.2151
46.2202
46.2251
46.2301
46.2351
46.2401
46.245
46.2501
46.2551
46.2601
46.2651
46.2701
46.2751
46.2801
46.2851
46.2901
46.2951
46.3001
46.3051
46.3102
46.3151
46.3201
46.3251
46.3301
46.3352
46.3402
46.3451
46.3501
46.3551
46.3601
46.3651
46.3701
46.3751
46.3801
46.3851
46.3901
46.3951
46.4001
46.4051
46.4101
46.4151
46.4201
46.4252
46.4301
46.4351
46.4401
46.4451
46.4501
46.4551
46.4601
46.4651
46.4701
46.4751
46.4801
46.4851
46.4901
46.4951
46.5001
46.5051
46.5101
46.5151
46.5202
46.5252
46.5301
46.5351
46.5401
46.5451
46.5501
46.5551
46.5601
46.5651
46.5701
46.5751
46.5801
46.5851
46.5901
46.5951
46.6001
46.6051
46.6101
46.6151
46.6201
46.6251
46.6301
46.6351
46.6401
46.6451
46.6501
46.6551
46.6602
46.6651
46.6701
46.6751
46.6801
46.6851
46.6901
46.6952
46.7001
46.7051
46.7101
46.7152
46.7201
46.7251
46.7302
46.7351
46.7402
46.7451
46.7501
46.7551
46.7601
46.7651
46.7701
46.7751
46.7801
46.7851
46.7901
46.7951
46.8001
46.8051
46.8101
46.8151
46.8201
46.8251
46.8301
46.8351
46.8401
46.8451
46.8501
46.8551
46.8601
46.8651
46.8701
46.8752
46.8802
46.8851
46.8901
46.8951
46.9001
46.9051
46.9101
46.9151
46.9201
46.9251
46.9301
46.9352
46.9401
46.9451
46.9501
46.9552
46.9602
46.9652
46.9702
46.9751
46.9802
46.9852
46.9901
46.9951
47.0001
47.0051
47.0102
47.0151
47.0201
47.0251
47.0301
47.0351
47.0401
47.0451
47.0501
47.0551
47.0601
47.0651
47.0701
47.0751
47.0802
47.0851
47.0901
47.0951
47.1001
47.1051
47.1101
47.1151
47.1201
47.1251
47.1301
47.1351
47.1402
47.1451
47.1502
47.1551
47.1602
47.1651
47.1701
47.1751
47.1801
47.1851
47.1901
47.1951
47.2001
47.2051
47.2101
47.2151
47.2201
47.2251
47.2301
47.2352
47.2402
47.2451
47.2501
47.2551
47.2601
47.2651
47.2701
47.2751
47.2801
47.2851
47.2901
47.2951
47.3001
47.3051
47.3101
47.3151
47.3201
47.3252
47.3301
47.3351
47.3401
47.3452
47.3501
47.3551
47.3601
47.3651
47.3701
47.3751
47.3801
47.3851
47.3901
47.3951
47.4001
47.4051
47.4101
47.4151
47.4201
47.4251
47.4301
47.4351
47.4401
47.4451
47.4501
47.4551
47.4602
47.4652
47.4701
47.4751
47.4801
47.4851
47.4902
47.4951
47.5001
47.5052
47.5102
47.5151
47.5201
47.5251
47.5301
47.5352
47.5401
47.5451
47.5501
47.5551
47.5602
47.5651
47.5701
47.5751
47.5801
47.5852
47.5901
47.5952
47.6002
47.6052
47.6101
47.6151
47.6201
47.6251
47.6301
47.6351
47.6401
47.6451
47.6501
47.6551
47.6601
47.6651
47.6701
47.6752
47.6801
47.6851
47.6901
47.6952
47.7001
47.7051
47.7101
47.7151
47.7201
47.7251
47.7301
47.7352
47.7401
47.7451
47.7502
47.7551
47.7601
47.7651
47.7701
47.7752
47.7802
47.7852
47.7901
47.7952
47.8001
47.8051
47.8101
47.8151
47.8201
47.8251
47.8301
47.8351
47.8401
47.8451
47.8501
47.8551
47.8601
47.8652
47.8702
47.8751
47.8801
47.8851
47.8901
47.8951
47.9001
47.9051
47.9102
47.9151
47.9201
47.9251
47.9301
47.9351
47.9401
47.9451
47.9501
47.9551
47.9601
47.9652
47.9701
47.9751
47.9801
47.9851
47.9901
47.9951
48.0001
48.0051
48.0101
48.0152
48.0201
48.0251
48.0301
48.0352
48.0401
48.0451
48.0501
48.0551
48.0601
48.0651
48.0702
48.0751
48.0801
48.0852
48.0902
48.0952
48.1002
48.1052
48.1102
48.1152
48.1202
48.1252
48.1301
48.1352
48.1402
48.1452
48.1501
48.1551
48.1601
48.1652
48.1701
48.1751
48.1802
48.1852
48.1902
48.1951
48.2001
48.2051
48.2101
48.2151
48.2201
48.2251
48.2301
48.2352
48.2401
48.2452
48.2501
48.2551
48.2601
48.2651
48.2702
48.2752
48.2801
48.2851
48.2901
48.2951
48.3002
48.3051
48.3102
48.3151
48.3201
48.3251
48.3301
48.3351
48.3401
48.3451
48.3502
48.3551
48.3601
48.3651
48.3701
48.3752
48.3802
48.3852
48.3901
48.3952
48.4002
48.4052
48.4101
48.4151
48.4201
48.4252
48.4302
48.4352
48.4402
48.4451
48.4501
48.4551
48.4601
48.4651
48.4701
48.4751
48.4802
48.4851
48.4902
48.4951
48.5001
48.5051
48.5101
48.5152
48.5201
48.5251
48.5301
48.5351
48.5401
48.5451
48.5501
48.5551
48.5601
48.5651
48.5701
48.5751
48.5802
48.5851
48.5902
48.5951
48.6001
48.6051
48.6101
48.6151
48.6202
48.6251
48.6301
48.6351
48.6401
48.6451
48.6501
48.6551
48.6601
48.6651
48.6701
48.6751
48.6801
48.6852
48.6901
48.6951
48.7001
48.7051
48.7102
48.7151
48.7201
48.7251
48.7302
48.7352
48.7402
48.7451
48.7501
48.7551
48.7601
48.7652
48.7701
48.7751
48.7801
48.7851
48.7901
48.7951
48.8002
48.8052
48.8101
48.8151
48.8201
48.8251
48.8301
48.8351
48.8401
48.8451
48.8501
48.8551
48.8601
48.8651
48.8701
48.8751
48.8802
48.8851
48.8902
48.8951
48.9001
48.9051
48.9102
48.915
48.9201
48.9251
48.9301
48.9351
48.9401
48.9451
48.9501
48.9551
48.9601
48.9651
48.9701
48.9751
48.9801
48.9851
48.9901
48.9951
49.0001
49.0051
49.0101
49.0151
49.0201
49.0252
49.0301
49.0352
49.0401
49.0451
49.0501
49.0551
49.0601
49.0651
49.0701
49.0751
49.0802
49.0851
49.0901
49.0951
49.1001
49.1051
49.1102
49.1151
49.1201
49.1251
49.1301
49.1351
49.1401
49.1451
49.1501
49.1551
49.1601
49.1651
49.1701
49.1751
49.1801
49.1851
49.1901
49.1952
49.2001
49.2052
49.2101
49.2151
49.2201
49.2252
49.2301
49.2351
49.2402
49.2451
49.2501
49.2551
49.2601
49.2651
49.2702
49.2751
49.2801
49.2851
49.2901
49.2952
49.3001
49.3052
49.3102
49.3152
49.3202
49.3251
49.3301
49.3351
49.3401
49.3452
49.3502
49.3551
49.3601
49.3651
49.3701
49.3751
49.3801
49.3851
49.3901
49.3951
49.4001
49.4051
49.4102
49.4151
49.4201
49.4251
49.4301
49.4351
49.4401
49.4451
49.4501
49.455
49.4601
49.4651
49.4701
49.4751
49.4801
49.4852
49.4902
49.4952
49.5001
49.5052
49.5101
49.5151
49.5201
49.5251
49.5301
49.5351
49.5401
49.5451
49.5501
49.5551
49.5601
49.5651
49.5701
49.5751
49.5801
49.5851
49.5901
49.5951
49.6001
49.6051
49.6101
49.6151
49.6201
49.6251
49.6301
49.6351
49.6401
49.6451
49.6501
49.6551
49.6601
49.6651
49.6701
49.6751
49.6801
49.6851
49.6901
49.6951
49.7002
49.7051
49.7101
49.7151
49.7202
49.7251
49.7301
49.7351
49.7401
49.7451
49.7501
49.7551
49.7601
49.7652
49.7701
49.7751
49.7801
49.7851
49.7901
49.7951
49.8001
49.8051
49.8101
49.8151
49.8201
49.8251
49.8301
49.8351
49.8402
49.8452
49.8501
49.8552
49.8601
49.8651
49.8701
49.8751
49.8801
49.8851
49.8901
49.8951
49.9001
49.9051
49.9102
49.9152
49.9201
49.9251
49.9301
49.9351
49.9401
49.9451
49.9501
49.9551
49.9601
49.9651
49.9701
49.9751
49.9801
49.9851
49.9901
49.9951
50.0001
50.0051
50.0101
50.0151
50.0201
50.0252
50.0301
50.0351
50.0401
50.0451
50.0501
50.0551
50.0601
50.0651
50.0701
50.0751
50.0801
50.0852
50.0901
50.0951
50.1001
50.1051
50.1102
50.1152
50.1201
50.1252
50.1301
50.1352
50.1401
50.1451
50.1501
50.1551
50.1601
50.1651
50.1702
50.1752
50.1801
50.1851
50.1902
50.1951
50.2001
50.2051
50.2101
50.2151
50.2201
50.2251
50.2301
