0.190188
0.195127
0.2001
0.20512
0.210137
0.21516
0.220169
0.225152
0.230085
0.235131
0.240188
0.24522
0.250188
0.255276
0.260167
0.26516
0.270162
0.275136
0.28012
0.28512
0.290101
0.295131
0.300141
0.305116
0.310133
0.31508
0.320118
0.325113
0.3301
0.33509
0.340118
0.345044
0.35009
0.355128
0.360059
0.36515
0.370313
0.375194
0.380209
0.38522
0.390217
0.395193
0.400138
0.40518
0.41013
0.415178
0.420149
0.42517
0.430131
0.435111
0.44013
0.445127
0.450131
0.455138
0.460127
0.465094
0.470106
0.47513
0.480131
0.485173
0.49014
0.495131
0.500158
0.505137
0.510121
0.515132
0.520138
0.52515
0.530121
0.535126
0.540123
0.545063
0.550127
0.555138
0.560034
0.565069
0.57008
0.575079
0.580152
0.58513
0.590143
0.595147
0.600084
0.605143
0.610138
0.615168
0.62017
0.62518
0.630153
0.63514
0.640154
0.645195
0.65016
0.655127
0.660127
0.665127
0.670097
0.675127
0.680123
0.685104
0.690096
0.695091
0.700097
0.705162
0.710083
0.715127
0.720149
0.725134
0.730153
0.735106
0.740136
0.745157
0.750118
0.755108
0.76016
0.765133
0.770129
0.775155
0.7801
0.785124
0.790099
0.795106
0.800135
0.805072
0.810162
0.815074
0.820114
0.825121
0.830184
0.835167
0.840193
0.845163
0.850145
0.855147
0.860158
0.86518
0.870158
0.875179
0.880148
0.885139
0.8901
0.895184
0.900158
0.905148
0.910187
0.915144
0.920133
0.925154
0.930126
0.935152
0.940108
0.945126
0.950154
0.955182
0.960139
0.965165
0.970132
0.975136
0.980092
0.985109
0.990105
0.995083
1.00009
1.00513
1.01013
1.01513
1.0201
1.0251
1.03011
1.0351
1.0401
1.0451
1.05013
1.05512
1.06013
1.06512
1.07014
1.07513
1.08012
1.08509
1.09014
1.09509
1.10008
1.10515
1.11009
1.11513
1.12015
1.12517
1.13013
1.13512
1.14014
1.14516
1.15011
1.15513
1.16011
1.16509
1.17014
1.17514
1.18011
1.18514
1.19012
1.19512
1.20013
1.20513
1.21011
1.21509
1.22017
1.22513
1.23014
1.23512
1.24012
1.2451
1.25013
1.25516
1.26015
1.26512
1.27015
1.27515
1.28017
1.28515
1.29012
1.29517
1.30011
1.3051
1.31013
1.31512
1.32009
1.32512
1.33007
1.33511
1.3401
1.34549
1.35013
1.35512
1.36009
1.36509
1.37008
1.3751
1.38016
1.38512
1.39012
1.39514
1.40019
1.40513
1.41015
1.41511
1.42013
1.42514
1.43011
1.43513
1.44014
1.44515
1.45014
1.45512
1.46009
1.4651
1.47013
1.47509
1.4801
1.48511
1.49012
1.49518
1.50015
1.50513
1.51017
1.51513
1.52011
1.52522
1.53014
1.53514
1.54012
1.54521
1.55012
1.55516
1.56014
1.56514
1.57014
1.57513
1.58015
1.58514
1.59018
1.59518
1.60017
1.60516
1.61022
1.61524
1.62015
1.62514
1.63027
1.6352
1.64021
1.64516
1.65016
1.65513
1.66017
1.66512
1.67012
1.67511
1.68018
1.68512
1.69012
1.69511
1.70015
1.70513
1.7101
1.71514
1.72011
1.7251
1.73011
1.73517
1.7401
1.74513
1.75014
1.75513
1.76011
1.7651
1.77013
1.77514
1.78012
1.7851
1.79014
1.79513
1.80009
1.80517
1.81014
1.81511
1.82011
1.82512
1.83018
1.83513
1.84014
1.84513
1.85012
1.85522
1.86017
1.86512
1.87011
1.87514
1.88017
1.88512
1.89013
1.89512
1.90013
1.90511
1.91013
1.91517
1.92014
1.92512
1.9301
1.93511
1.94005
1.94512
1.9501
1.95516
1.96012
1.96515
1.97013
1.97509
1.98009
1.98514
1.99013
1.99509
2.0001
2.0051
2.01009
2.0151
2.02008
2.02511
2.03009
2.0351
2.0401
2.04514
2.05008
2.05516
2.06018
2.06513
2.07016
2.07512
2.08014
2.08517
2.09015
2.09511
2.1001
2.10515
2.11015
2.11513
2.12013
2.12512
2.13013
2.13512
2.14012
2.14526
2.15013
2.1551
2.16015
2.16514
2.17012
2.17511
2.18014
2.18513
2.19009
2.19513
2.20013
2.20514
2.21011
2.2151
2.2201
2.22511
2.23011
2.23514
2.24012
2.24511
2.25018
2.25514
2.26012
2.2651
2.27009
2.27515
2.2801
2.28508
2.29008
2.29504
2.30012
2.30506
2.31015
2.31506
2.32014
2.32517
2.33015
2.33509
2.34011
2.34512
2.35011
2.35521
2.36011
2.36516
2.37014
2.37512
2.38011
2.3851
2.39012
2.3951
2.40011
2.40514
2.41012
2.41512
2.42019
2.4251
2.43011
2.43512
2.44014
2.44511
2.45015
2.45513
2.46015
2.46513
2.47016
2.47512
2.48011
2.48512
2.49017
2.49513
2.5001
2.50516
2.51013
2.51511
2.52014
2.52511
2.53012
2.5351
2.54014
2.54512
2.55009
2.55514
2.56014
2.5651
2.57011
2.57515
2.58011
2.58511
2.59007
2.5951
2.60003
2.60515
2.61005
2.61518
2.6201
2.62516
2.6301
2.63509
2.64009
2.64516
2.65014
2.65515
2.66017
2.66513
2.67014
2.67513
2.68021
2.68513
2.69014
2.69511
2.70013
2.70515
2.71012
2.71515
2.72013
2.72511
2.73011
2.73513
2.74017
2.74513
2.75015
2.75513
2.7602
2.7651
2.77013
2.7752
2.78016
2.78517
2.79015
2.79512
2.80012
2.80516
2.81018
2.81514
2.8201
2.82512
2.83014
2.8351
2.84014
2.84512
2.85013
2.8551
2.86011
2.86514
2.87012
2.87514
2.88011
2.8851
2.89014
2.8951
2.90017
2.90507
2.91014
2.91516
2.92013
2.92511
2.93016
2.93513
2.9402
2.94511
2.95016
2.95515
2.96013
2.96515
2.97014
2.97515
2.98011
2.98522
2.99018
2.99512
3.00015
3.00513
3.01017
3.01515
3.02014
3.02518
3.03009
3.03515
3.04013
3.04514
3.05012
3.05511
3.06015
3.06517
3.07013
3.07516
3.08014
3.0851
3.09013
3.09512
3.10013
3.1051
3.11014
3.11511
3.12011
3.12514
3.13014
3.13517
3.14012
3.1451
3.15012
3.15512
3.16011
3.16519
3.17011
3.1751
3.1801
3.1851
3.19011
3.19509
3.20011
3.20512
3.21004
3.21515
3.22013
3.22512
3.23012
3.23514
3.24014
3.24514
3.25014
3.25515
3.26012
3.26511
3.27014
3.27516
3.28011
3.28512
3.29016
3.29518
3.30012
3.3051
3.31012
3.31516
3.32016
3.32512
3.33009
3.3351
3.34015
3.34515
3.35011
3.35512
3.36013
3.36512
3.3701
3.37513
3.38014
3.38515
3.39011
3.39516
3.40017
3.4051
3.41013
3.41514
3.42013
3.4251
3.43015
3.43514
3.44011
3.44514
3.45012
3.45514
3.46012
3.46503
3.4701
3.4752
3.48019
3.48521
3.49016
3.49511
3.50013
3.50512
3.51012
3.51509
3.52011
3.52511
3.53013
3.53514
3.54016
3.54512
3.55008
3.5551
3.56012
3.56511
3.57011
3.57519
3.58012
3.58514
3.59015
3.59514
3.60011
3.60517
3.61015
3.61512
3.62012
3.62511
3.6301
3.63514
3.64012
3.64513
3.65009
3.65509
3.66009
3.66509
3.67011
3.67509
3.68013
3.6851
3.6901
3.69516
3.70009
3.7051
3.71008
3.71512
3.72009
3.7251
3.73012
3.7351
3.7401
3.74508
3.7501
3.7551
3.76008
3.76509
3.77004
3.7751
3.78014
3.7851
3.79014
3.7951
3.80009
3.80516
3.81012
3.8151
3.8201
3.82517
3.83016
3.83513
3.84014
3.84512
3.8501
3.85513
3.86015
3.8651
3.87011
3.87514
3.88017
3.8851
3.8901
3.89515
3.90014
3.90511
3.91013
3.91517
3.92017
3.92511
3.93018
3.93508
3.94012
3.9451
3.95011
3.95512
3.9601
3.9651
3.97014
3.9751
3.9802
3.98511
3.99014
3.99512
4.00014
4.00514
4.01011
4.0151
4.02015
4.02513
4.03014
4.03511
4.04015
4.04512
4.05012
4.0551
4.06014
4.06512
4.07014
4.07515
4.0802
4.08512
4.09014
4.09514
4.10016
4.10513
4.11014
4.11518
4.12011
4.12514
4.13013
4.13512
4.1401
4.14516
4.15013
4.15513
4.1601
4.16514
4.17014
4.1751
4.1801
4.18517
4.19016
4.19511
4.20015
4.20515
4.21012
4.21513
4.2201
4.22506
4.2301
4.23511
4.24017
4.24511
4.2501
4.25511
4.26016
4.26512
4.27014
4.27512
4.2801
4.28518
4.29013
4.29515
4.30019
4.30511
4.31016
4.3151
4.32014
4.32517
4.33013
4.33522
4.34015
4.34515
4.35012
4.35512
4.36015
4.36517
4.37011
4.37512
4.38016
4.38513
4.39014
4.39511
4.40012
4.40517
4.41015
4.41514
4.42014
4.42511
4.43015
4.43515
4.44013
4.44514
4.45014
4.45518
4.46009
4.46516
4.47014
4.47512
4.48011
4.48513
4.49015
4.4951
4.5001
4.50518
4.51012
4.5151
4.52014
4.52511
4.53013
4.53513
4.54014
4.54515
4.55013
4.55512
4.5601
4.56512
4.57012
4.57511
4.58015
4.58508
4.59026
4.59519
4.60019
4.60519
4.61017
4.61513
4.62012
4.62514
4.63014
4.63513
4.64008
4.64514
4.65015
4.65513
4.66012
4.66519
4.67012
4.67512
4.68012
4.68515
4.69013
4.69513
4.70014
4.70513
4.71009
4.71511
4.72011
4.72509
4.73013
4.73515
4.74015
4.74512
4.75012
4.7551
4.76011
4.76513
4.77013
4.77511
4.7801
4.78514
4.79015
4.79516
4.80014
4.80515
4.81012
4.81511
4.8201
4.82514
4.83011
4.8351
4.84014
4.84518
4.85015
4.85511
4.86011
4.86515
4.87011
4.87513
4.88006
4.88517
4.89013
4.8952
4.90014
4.90514
4.91013
4.91518
4.92025
4.92511
4.93018
4.93516
4.94012
4.94511
4.95013
4.95518
4.9601
4.9651
4.97011
4.97516
4.98011
4.98511
4.99012
4.99511
5.00021
5.00512
5.01013
5.01512
5.02011
5.02512
5.03015
5.0351
5.04015
5.04516
5.05014
5.05518
5.06014
5.06513
5.07013
5.07511
5.08013
5.0851
5.09009
5.09514
5.10013
5.10515
5.11015
5.11514
5.12012
5.12511
5.13014
5.13512
5.14011
5.14512
5.15013
5.15509
5.16014
5.16511
5.17021
5.17507
5.18015
5.18513
5.19012
5.19512
5.20012
5.20512
5.21014
5.21518
5.22014
5.22512
5.2301
5.23515
5.24015
5.24511
5.25015
5.25515
5.26009
5.26511
5.27012
5.27512
5.28009
5.28511
5.29013
5.29517
5.30011
5.30512
5.31021
5.31514
5.32014
5.32513
5.33014
5.33516
5.34014
5.34514
5.35017
5.35513
5.36018
5.36518
5.37012
5.37513
5.3801
5.38512
5.39015
5.3951
5.4001
5.40512
5.41009
5.41514
5.42014
5.42515
5.43007
5.43517
5.44012
5.44514
5.45013
5.45512
5.46025
5.46516
5.47015
5.47516
5.48014
5.48519
5.49013
5.49515
5.50013
5.50514
5.51012
5.51511
5.52016
5.52516
5.53013
5.53511
5.54016
5.54518
5.55014
5.55514
5.56014
5.56515
5.57017
5.57514
5.58018
5.58513
5.59013
5.59514
5.60015
5.60513
5.6101
5.61513
5.62015
5.62511
5.63011
5.63512
5.64016
5.64513
5.65014
5.6551
5.66014
5.66513
5.67011
5.67512
5.68011
5.68514
5.69011
5.6951
5.70014
5.70512
5.71016
5.71513
5.72019
5.72512
5.73012
5.73512
5.74014
5.74508
5.75009
5.75516
5.76011
5.76514
5.77016
5.77518
5.78013
5.78512
5.79013
5.79514
5.80011
5.80511
5.81012
5.81511
5.8202
5.82514
5.83018
5.83511
5.84015
5.84516
5.8501
5.85514
5.86014
5.86515
5.87009
5.87514
5.88014
5.88509
5.89014
5.89508
5.90011
5.90508
5.91009
5.9151
5.92014
5.92513
5.93013
5.93513
5.94012
5.9451
5.95012
5.9551
5.96011
5.96503
5.97011
5.97512
5.9801
5.98512
5.9901
5.9951
6.0001
6.00511
6.01012
6.01511
6.02011
6.02522
6.03014
6.03515
6.04013
6.04515
6.05026
6.05517
6.06014
6.06517
6.0701
6.07516
6.08013
6.0851
6.09012
6.09512
6.10011
6.10509
6.1101
6.11519
6.12008
6.12511
6.13014
6.13511
6.14017
6.14511
6.15012
6.15511
6.16015
6.16514
6.17011
6.1751
6.18014
6.18512
6.19019
6.19512
6.2001
6.20509
6.21013
6.21504
6.22016
6.22512
6.23008
6.23513
6.24015
6.24515
6.25022
6.25518
6.26013
6.26509
6.27013
6.27513
6.28011
6.28511
6.29015
6.29512
6.30011
6.3051
6.31011
6.31511
6.32009
6.32513
6.33016
6.33509
6.34013
6.34514
6.35012
6.35512
6.3601
6.3651
6.37009
6.37508
6.38009
6.38508
6.39008
6.39513
6.40013
6.40511
6.41012
6.41512
6.42011
6.42508
6.43009
6.4351
6.44017
6.44513
6.45011
6.45515
6.46009
6.46513
6.47009
6.47513
6.48004
6.48513
6.49013
6.4951
6.5001
6.50509
6.51009
6.51511
6.52012
6.5251
6.5301
6.53507
6.54022
6.54514
6.55017
6.55516
