0.175132
0.180137
0.185127
0.190098
0.195112
0.200138
0.205158
0.210123
0.215138
0.220131
0.225164
0.230103
0.235104
0.240106
0.245116
0.250112
0.25513
0.260128
0.265144
0.270141
0.27518
0.280113
0.285139
0.290079
0.295064
0.300115
0.305124
0.310115
0.315141
0.320123
0.325152
0.330068
0.335091
0.340066
0.345073
0.350067
0.35513
0.360117
0.365128
0.370123
0.375105
0.380108
0.385101
0.390119
0.395104
0.400102
0.405103
0.410078
0.415106
0.420065
0.425066
0.430066
0.435093
0.440071
0.445082
0.450095
0.455069
0.460104
0.465083
0.470071
0.475106
0.480068
0.485107
0.490106
0.495052
0.500077
0.505101
0.510074
0.515107
0.520101
0.525065
0.530068
0.535066
0.540066
0.545073
0.550066
0.555067
0.560071
0.565073
0.570101
0.575087
0.580074
0.585071
0.590143
0.595074
0.600116
0.605099
0.610094
0.61508
0.620103
0.625074
0.630089
0.635075
0.640086
0.645122
0.650108
0.65507
0.660125
0.665115
0.670154
0.67511
0.680116
0.685125
0.690108
0.695169
0.700112
0.705127
0.710114
0.715108
0.720114
0.725113
0.730142
0.735111
0.740125
0.745112
0.75011
0.755129
0.760106
0.765108
0.770137
0.775131
0.780115
0.785113
0.790112
0.79511
0.800155
0.80516
0.81013
0.815115
0.820103
0.825104
0.830107
0.835077
0.840107
0.845113
0.850116
0.855109
0.860161
0.865099
0.870158
0.875109
0.880082
0.885121
0.890114
0.89511
0.900161
0.905119
0.910123
0.915127
0.920105
0.925111
0.930112
0.935109
0.940124
0.94511
0.950113
0.955121
0.960119
0.965111
0.970106
0.975055
0.980091
0.985107
0.990069
0.995128
1.00018
1.00507
1.01016
1.0151
1.02009
1.02507
1.0301
1.03507
1.04008
1.04508
1.05008
1.05507
1.06008
1.0651
1.07007
1.07508
1.08012
1.0851
1.09007
1.09507
1.10007
1.1051
1.11007
1.11511
1.12007
1.1251
1.13009
1.13513
1.14009
1.1451
1.15008
1.15507
1.16008
1.16508
1.17007
1.1751
1.18011
1.18507
1.19007
1.19507
1.20013
1.20515
1.21008
1.21512
1.22007
1.22507
1.23006
1.23506
1.2401
1.24507
1.25007
1.25507
1.26007
1.26507
1.27003
1.27515
1.28007
1.2851
1.29007
1.29508
1.30009
1.3051
1.3101
1.31513
1.32014
1.32512
1.33013
1.33516
1.34015
1.34511
1.35009
1.35514
1.36013
1.3651
1.3701
1.3751
1.38013
1.38509
1.3901
1.3951
1.4001
1.4051
1.41011
1.4151
1.42011
1.4251
1.43008
1.43509
1.44013
1.44508
1.45009
1.45507
1.46008
1.4651
1.47011
1.47508
1.48009
1.48511
1.49009
1.49508
1.5001
1.50513
1.51016
1.51512
1.52016
1.5251
1.53012
1.5351
1.5401
1.54514
1.55013
1.55509
1.56011
1.5651
1.5702
1.5751
1.58008
1.5851
1.5901
1.59509
1.60008
1.6051
1.6101
1.61512
1.62009
1.62513
1.63009
1.63508
1.64008
1.64509
1.6501
1.65508
1.66009
1.6651
1.67008
1.67512
1.68014
1.68513
1.69016
1.69513
1.70013
1.70512
1.71012
1.71516
1.72013
1.72513
1.7301
1.73512
1.7401
1.74513
1.75013
1.75513
1.76014
1.76514
1.77009
1.77513
1.78004
1.7851
1.79007
1.79514
1.80009
1.80513
1.81017
1.81511
1.82011
1.82509
1.83008
1.83513
1.84011
1.84508
1.85013
1.8551
1.86008
1.8651
1.87009
1.87511
1.88022
1.88508
1.8901
1.8951
1.90008
1.90509
1.9101
1.91511
1.92007
1.92515
1.9301
1.93511
1.94014
1.9451
1.95011
1.95508
1.96009
1.96512
1.9701
1.97509
1.9801
1.98514
1.99011
1.99515
2.00012
2.00517
2.01008
2.01509
2.02009
2.02509
2.03012
2.03508
2.04012
2.04512
2.05009
2.0551
2.06008
2.06508
2.07013
2.07507
2.08007
2.08507
2.0901
2.09513
2.10009
2.10509
2.1101
2.11507
2.12014
2.12508
2.13014
2.13509
2.14014
2.14512
2.1501
2.15508
2.1601
2.16512
2.17009
2.1751
2.1801
2.18512
2.19009
2.19509
2.20009
2.20508
2.21009
2.21514
2.2201
2.22508
2.23009
2.23513
2.2401
2.24511
2.2501
2.25511
2.26009
2.26508
2.27017
2.27512
2.28009
2.28509
2.29019
2.29516
2.30012
2.30513
2.31013
2.31511
2.32012
2.32513
2.3301
2.33517
2.3401
2.34513
2.35013
2.35515
2.36014
2.36511
2.37008
2.3751
2.3801
2.38507
2.39009
2.39511
2.40007
2.40509
2.41011
2.41519
2.42009
2.4251
2.43012
2.43511
2.44014
2.4451
2.45014
2.45511
2.4601
2.46511
2.47008
2.47513
2.4801
2.48508
2.49007
2.49507
2.50009
2.50509
2.51008
2.51508
2.52009
2.5251
2.53009
2.53509
2.54013
2.54508
2.55011
2.5551
2.56008
2.56507
2.57009
2.57508
2.58008
2.5851
2.59009
2.59512
2.60009
2.60509
2.61011
2.61511
2.62011
2.62511
2.63011
2.63509
2.64017
2.64511
2.65012
2.65512
2.66012
2.66512
2.67009
2.6751
2.6801
2.68511
2.69009
2.69507
2.7001
2.70507
2.71013
2.71514
2.72012
2.72508
2.7301
2.7351
2.7401
2.74513
2.75013
2.75514
2.7601
2.76512
2.77011
2.77508
2.78006
2.7851
2.79009
2.79507
2.80009
2.80511
2.81012
2.81514
2.8201
2.82511
2.83012
2.83509
2.84009
2.84513
2.85013
2.85517
2.86015
2.86513
2.87014
2.87518
2.88014
2.88521
2.89013
2.89514
2.90012
2.90508
2.91005
2.91511
2.92009
2.9251
2.9301
2.93511
2.9401
2.9451
2.95011
2.95509
2.96012
2.96514
2.97012
2.9751
2.98012
2.98511
2.9901
2.99515
3.00015
3.00509
3.01015
3.01514
3.02013
3.02514
3.03012
3.03513
3.04014
3.04513
3.05015
3.05509
3.06013
3.0651
3.07011
3.07511
3.08011
3.08509
3.09013
3.09511
3.1001
3.10513
3.11014
3.1151
3.1201
3.12509
3.13013
3.13509
3.1401
3.14509
3.15015
3.15508
3.16019
3.1651
3.17017
3.17514
3.18014
3.18512
3.19009
3.1951
3.20009
3.2051
3.2101
3.21515
3.22013
3.2251
3.2301
3.23508
3.24007
3.2451
3.25011
3.25515
3.26009
3.26513
3.27013
3.2751
3.28009
3.28517
3.29011
3.29507
3.30014
3.30512
3.31012
3.31512
3.32009
3.3251
3.33014
3.33513
3.34016
3.34516
3.35012
3.35509
3.36011
3.36509
3.37008
3.37511
3.38008
3.38511
3.3901
3.39511
3.4001
3.40514
3.41009
3.41511
3.4201
3.42514
3.43009
3.43512
3.44009
3.44508
3.45009
3.45508
3.46012
3.4651
3.47014
3.47512
3.48012
3.48511
3.49011
3.4951
3.50011
3.50512
3.5101
3.5151
3.52013
3.5251
3.5301
3.53512
3.54013
3.54509
3.55011
3.55517
3.56018
3.56516
3.57017
3.57513
3.58013
3.58515
3.59011
3.59511
3.60009
3.6051
3.61009
3.6151
3.62011
3.62514
3.6301
3.63509
3.64008
3.64509
3.6501
3.65513
3.66013
3.66516
3.67011
3.6751
3.68009
3.68509
3.69013
3.69509
3.7001
3.70508
3.71009
3.71508
3.72009
3.72508
3.73009
3.7351
3.74013
3.74509
3.7501
3.75511
3.76008
3.7651
3.77015
3.77515
3.78011
3.7851
3.79011
3.79509
3.80009
3.8051
3.81011
3.81508
3.8201
3.82511
3.83008
3.83514
3.8401
3.84514
3.85011
3.8551
3.86011
3.86508
3.87011
3.87516
3.88012
3.88512
3.89016
3.89511
3.90014
3.9051
3.9101
3.91514
3.92011
3.9251
3.93009
3.93508
3.94008
3.9451
3.9501
3.95508
3.96009
3.9651
3.97008
3.9751
3.98013
3.98509
3.9901
3.99514
4.00012
4.00515
4.01011
4.0151
4.0201
4.02508
4.03007
4.03511
4.04012
4.04508
4.05009
4.05511
4.06012
4.06507
4.0701
4.0751
4.08013
4.08513
4.09022
4.09511
4.10009
4.10509
4.11008
4.11507
4.12009
4.1251
4.13008
4.13507
4.1401
4.1451
4.15007
4.15508
4.1601
4.16514
4.17007
4.17508
4.18009
4.18511
4.19008
4.1951
4.20013
4.20508
4.21009
4.21509
4.22008
4.22508
4.2301
4.23508
4.24007
4.24506
4.2501
4.25524
4.26009
4.26508
4.27009
4.2751
4.28008
4.28508
4.29012
4.29507
4.30018
4.30511
4.31008
4.31509
4.32009
4.32509
4.33007
4.33509
4.34008
4.34509
4.35014
4.35511
4.36017
4.3651
4.37009
4.3751
4.38011
4.38513
4.39018
4.39514
4.40012
4.40512
4.4101
4.41511
4.42008
4.42509
4.43009
4.43512
4.44012
4.44509
4.4501
4.45507
4.46009
4.4651
4.47011
4.47506
4.48015
4.48511
4.49017
4.49511
4.50013
4.50512
4.51009
4.51512
4.52009
4.52509
4.5301
4.5351
4.54004
4.5451
4.55012
4.55513
4.56012
4.5651
4.57011
4.57511
4.58007
4.58511
4.59011
4.59515
4.60014
4.60516
4.61007
4.61509
4.62012
4.62512
4.63007
4.63509
4.6401
4.64511
4.65012
4.6551
4.6601
4.66514
4.67013
4.67512
4.68013
4.68513
4.69016
4.69518
4.70014
4.70512
4.71019
4.71511
4.72012
4.7251
4.73012
4.73511
4.7401
4.74507
4.75011
4.75516
4.76011
4.76513
4.77011
4.77511
4.78012
4.78517
4.79012
4.79509
4.80013
4.80511
4.8101
4.8151
4.82012
4.82504
4.83007
4.83509
4.84012
4.84511
4.85011
4.85512
4.86011
4.8651
4.87015
4.87516
4.88014
4.88513
4.89014
4.89518
4.90013
4.90511
4.91013
4.91511
4.9201
4.92511
4.93011
4.93511
4.94009
4.94512
4.95011
4.95511
4.96009
4.96509
4.97009
4.97509
4.98009
4.98514
4.99011
4.99511
5.0001
5.00514
5.01009
5.01513
5.0201
5.02512
5.03009
5.0351
5.04012
5.0451
5.05005
5.05508
5.06009
5.06509
5.07013
5.07511
5.08008
5.08509
5.09008
5.09511
5.10011
5.10515
5.1101
5.11512
5.1201
5.12511
5.13011
5.13508
5.14012
5.14509
5.15008
5.15508
5.16011
5.16511
5.17009
5.17509
5.1801
5.18508
5.19012
5.1951
5.2001
5.20507
5.21014
5.2151
5.22013
5.22509
5.23011
5.23509
5.24008
5.24509
5.25014
5.25511
5.26008
5.26509
5.27009
5.2751
5.2801
5.28509
5.2901
5.29509
5.30012
5.30509
5.3101
5.31515
5.32007
5.32515
5.33013
5.33512
5.34013
5.34512
5.35009
5.35509
5.36009
5.36508
5.37009
5.3751
5.3801
5.38508
5.39011
5.3951
5.40009
5.40505
5.41011
5.41519
5.42008
5.42513
5.43012
5.43512
5.4401
5.4451
5.4501
5.45508
5.46009
5.4651
5.4701
5.47509
5.48013
5.4851
5.4901
5.49512
5.5001
5.5051
5.5101
5.51509
5.52015
5.52511
5.5301
5.53512
5.5401
5.54508
5.55008
5.5551
5.56008
5.56511
5.57011
5.5751
5.58007
5.58508
5.5901
5.59509
5.60013
5.60514
5.61013
5.6151
5.62008
5.62511
5.63008
5.63515
5.64007
5.64511
5.65009
5.6551
5.6601
5.6651
5.67008
5.67509
5.68008
5.68517
5.69016
5.69514
5.70016
5.70511
5.71006
5.71512
5.72014
5.72512
5.73017
5.73514
5.74014
5.74511
5.7501
5.75514
5.76011
5.76512
5.77008
5.77514
5.78012
5.7851
5.79011
5.79514
5.80012
5.80513
5.81013
5.8151
5.82014
5.82513
5.83014
5.83513
5.84012
5.8451
5.85015
5.85509
5.86009
5.86507
5.87012
5.87511
5.88008
5.88508
5.89009
5.89508
5.9001
5.90509
5.91013
5.9151
5.9201
5.92504
5.93015
5.93512
5.94025
5.94521
5.95021
5.9552
5.96025
5.96519
5.97018
5.97512
5.98015
5.98511
5.99012
5.99515
6.0001
6.00509
6.01008
6.01513
6.02013
6.0251
6.03008
6.0351
6.04011
6.04515
6.05012
6.05513
6.0601
6.0651
6.07009
6.0751
6.08009
6.0851
6.0901
6.09513
6.10013
6.10516
6.11014
6.11511
6.12011
6.12509
6.13009
6.13512
6.14009
6.14513
6.15012
6.15514
6.1601
6.16515
6.17012
6.17516
6.18012
6.18514
6.19012
6.19516
6.20011
6.20513
6.21012
6.21514
6.22008
6.22511
6.23013
6.23509
6.24011
6.24509
6.25013
6.25511
6.26008
6.2651
6.27009
6.2751
6.2801
6.28514
6.29013
6.2951
6.3001
6.30509
6.31012
6.31516
6.32015
6.32515
6.33019
6.3351
6.34007
6.34512
6.3501
6.3551
6.36011
6.36511
6.37011
6.37509
6.3801
6.38508
6.39011
6.39508
6.40007
6.40505
6.41009
6.41512
6.42009
6.42513
6.43013
6.4351
6.44015
6.44515
6.45009
6.45516
6.46013
6.46512
6.47013
6.47512
6.48015
6.48515
6.49014
6.49509
6.50011
6.50512
6.51014
6.51509
6.52014
6.52511
6.53016
6.53513
6.54012
6.54516
6.55009
6.55513
6.56012
6.56507
6.57009
6.57508
6.58009
6.58508
6.59008
6.59508
6.60009
6.60508
6.61008
6.61507
6.62008
6.6251
6.63011
6.63507
6.64009
6.64512
6.65012
6.65509
6.66008
6.66508
6.67012
6.67509
6.68004
6.68509
6.69008
6.69513
6.70013
6.7051
6.71011
6.7151
6.72008
6.72509
6.7301
6.7351
6.74011
6.74514
6.75018
6.75512
6.76016
6.76518
6.77015
6.77514
6.78014
6.7851
6.79005
6.79508
6.80008
6.80514
6.81014
6.81513
6.8201
6.82509
6.8301
6.83509
6.8401
6.84509
6.85009
6.85511
6.8601
6.86511
6.87012
6.87511
6.8801
6.88508
6.8901
6.89509
6.9001
6.90513
6.91018
6.91513
6.92012
6.92512
6.93015
6.93512
6.9401
6.94509
6.95009
6.95516
6.96009
6.96505
6.97019
6.97515
6.98014
6.9851
6.99015
6.99509
7.00014
7.0051
7.01008
7.01511
7.0201
7.02508
7.03009
7.03509
7.04011
7.04507
7.05013
7.05513
7.06019
7.06513
7.07013
7.07511
7.08008
7.0851
7.09009
7.09508
7.10012
7.10513
7.11013
7.11513
7.12015
7.12513
7.1301
7.13508
7.14009
7.1451
7.15008
7.15507
7.16009
7.16511
7.17014
7.17512
7.18011
7.18509
7.19009
7.1951
7.20009
7.20508
7.21009
7.21509
7.22007
7.22513
7.23009
7.23511
7.2401
7.2451
7.25007
7.25511
7.26009
7.26513
7.2701
7.2751
7.28012
7.28511
7.2901
7.29509
7.30009
7.30513
7.31011
7.3151
7.32015
7.32512
7.33017
7.33511
7.34016
7.34507
7.35008
7.35509
7.36011
7.36508
7.37017
7.37509
7.38014
7.3851
7.39011
7.39512
7.40011
7.40511
7.41014
7.41508
7.42007
7.4251
7.43014
7.43511
7.4401
7.44509
7.4501
7.45507
7.4601
7.46509
7.47008
7.47515
7.4801
7.48511
7.49012
7.49511
7.50009
7.50507
7.51007
7.51508
7.5201
7.52507
7.53007
7.5351
7.54012
7.54509
7.5501
7.5551
7.56009
7.56513
7.57013
7.5752
7.5801
7.58511
7.59017
7.59515
7.60012
7.60513
7.61018
7.61512
7.6201
7.62511
7.6301
7.6351
7.6401
7.64509
7.6501
7.65509
7.6601
7.66508
7.67011
7.67515
7.68021
7.68513
7.69013
7.69513
7.70011
7.70512
7.7101
7.71512
7.72012
7.72508
7.7301
7.73509
7.74016
7.74511
7.75009
7.75513
7.76008
7.76511
7.77013
7.77512
7.78011
7.78523
7.79007
7.79516
7.80011
7.80511
7.8101
7.8151
7.82011
7.82511
7.83022
7.83509
7.84011
7.84512
7.85008
7.8551
7.86009
7.8651
7.87009
7.8751
7.88011
7.88509
7.89015
7.89509
7.90012
7.90511
7.9101
7.91511
7.92011
7.92513
7.93011
7.9351
7.94009
7.94508
7.95013
7.95507
7.9601
7.9651
7.9701
7.97508
7.98013
7.98514
7.99017
7.99509
8.00013
8.00512
8.01011
8.01509
8.02009
8.0251
8.03009
8.03512
8.0401
8.04508
8.05011
8.05505
8.06013
8.0651
8.07011
8.07509
8.08008
8.08508
8.09016
8.09508
8.10012
8.10512
8.11011
8.11508
8.12013
8.12512
8.1301
8.13509
8.14009
8.14509
8.15008
8.15508
8.16012
8.16511
8.17009
8.17512
8.1801
8.18509
8.19008
8.19513
8.20012
8.20512
8.21011
8.21513
8.22011
8.22508
8.2301
8.2351
8.24011
8.24515
8.25012
8.2551
8.26009
8.26511
8.2701
8.27509
8.28006
8.28509
8.29014
8.29518
8.3001
8.30517
8.3101
8.31509
8.3201
8.32508
8.33008
8.33511
8.34009
8.3451
8.35008
8.3551
8.3601
8.36509
8.37014
8.37509
8.3801
8.38511
8.39014
8.39511
8.40013
8.40511
8.41014
8.41514
8.42011
8.42515
8.43011
8.43513
8.44011
8.4451
8.4501
8.4551
8.46013
8.46512
8.47009
8.47509
8.48011
8.48514
8.49009
8.49508
8.50014
8.5051
8.51011
8.51511
8.52016
8.52507
8.5301
8.53509
8.5401
8.54509
8.55011
8.5551
8.56011
8.56509
8.57014
8.57511
8.58008
8.58509
8.59012
8.59511
8.6001
8.60514
8.61019
8.61516
8.62013
8.62509
8.63015
8.63511
8.6401
8.64505
8.65013
8.65504
8.66013
8.66512
8.67015
8.67512
8.68014
8.6851
8.69008
8.69511
8.70013
8.70508
8.71014
8.71512
8.72011
8.72512
8.73013
8.73511
8.74011
8.74511
8.75012
8.75513
8.76012
8.76511
8.77014
8.77512
8.78009
8.7851
8.7901
8.79509
8.8001
8.80512
8.81015
8.8151
8.82011
8.82514
8.83008
8.8351
8.8401
8.84513
8.85012
8.8551
8.86011
8.8651
8.8701
8.87515
8.88013
8.88513
8.89009
8.89511
8.90009
8.90511
8.91016
8.91511
8.92013
8.92515
8.93007
8.9351
8.94008
8.9451
8.95011
8.95507
8.9601
8.96511
8.97011
8.97511
8.98013
8.98515
8.99012
8.99511
9.00012
9.00518
9.0101
9.01509
9.02013
9.0251
9.03012
9.03511
9.04016
9.04509
9.05011
9.0551
9.0601
9.06508
9.0701
9.07514
9.08012
9.08512
9.09014
9.09513
9.10009
9.1051
9.1101
9.11513
9.12009
9.1251
9.1301
9.13508
9.14015
9.14513
9.15015
9.15513
9.1601
9.16509
9.17012
9.17504
9.18011
9.18514
9.19013
9.19513
9.20013
9.2051
9.21014
9.21517
9.22011
9.22516
9.23012
9.23511
9.24011
9.24513
9.2501
9.25511
9.26009
9.2651
9.27011
9.27511
9.28016
9.28514
9.29014
9.29511
9.3001
9.3051
9.31012
9.31509
9.32011
9.32509
9.3301
9.33514
9.34011
9.3451
9.35009
9.35508
9.36008
9.36518
9.37009
9.3751
9.38012
9.38511
9.39009
9.39509
9.40012
9.40513
9.41018
9.41519
9.42019
9.42516
9.43011
9.43515
9.44007
9.44514
9.45007
9.45515
9.46004
9.46512
9.47012
9.47516
9.48017
9.48516
9.4902
9.49511
9.50013
9.50512
9.51009
9.51512
9.52013
9.52513
9.53012
9.53513
9.54015
9.54511
9.55011
9.55511
9.56009
9.5651
9.5701
9.57509
9.58007
9.58508
9.5901
9.59508
9.6001
9.6051
9.61014
9.6151
9.62011
9.62514
9.63013
9.6351
9.64012
9.64511
9.65008
9.6551
9.66011
9.66515
9.67011
9.67508
9.68013
9.68509
9.69011
9.69509
9.7001
9.70509
9.71012
9.7151
9.72009
9.72515
9.73012
9.73516
9.74013
9.74513
9.75012
9.75511
9.76011
9.76511
9.77011
9.77511
9.78013
9.78514
9.79013
9.7951
9.80011
9.80511
9.81008
9.81511
9.82011
9.8251
9.8301
9.8351
9.84013
9.84516
9.8501
9.85515
9.8602
9.86511
9.87013
9.87511
9.88015
9.8851
9.8901
9.89512
9.90008
9.90513
9.9101
9.91512
9.92009
9.92511
9.93016
9.9351
9.94009
9.94512
9.95012
9.9551
9.96009
9.96511
9.97012
9.9751
9.9801
9.98511
9.99011
9.99514
10.0001
10.0051
10.0101
10.0151
10.0201
10.0251
10.0301
10.0352
10.0401
10.0451
10.0501
10.0551
10.0601
10.0651
10.0701
10.0751
10.0801
10.0851
10.0901
10.0951
10.1001
10.1051
10.1101
10.1151
10.1201
10.1251
10.1301
10.1352
10.1401
10.1451
10.1501
10.1551
10.1601
10.1651
10.1701
10.1751
10.1801
10.1851
10.1901
10.1951
10.2001
10.2051
10.2101
10.2152
10.2202
10.2251
10.2302
10.2351
10.2401
10.2451
10.2501
10.2551
10.2601
10.2651
10.2701
10.2751
10.2801
10.2851
10.2901
10.2951
10.3002
10.3051
10.3101
10.3152
10.3201
10.3251
10.3301
10.3351
10.3401
10.3451
10.3501
10.3552
10.3601
10.3652
10.3701
10.3751
10.3802
10.3851
10.3901
10.3951
10.4001
10.4051
10.4101
10.4151
10.4201
10.4251
10.4301
10.4351
10.4402
10.4451
10.4501
10.4551
10.4601
10.4651
10.4701
10.4752
10.4801
10.4851
10.4901
10.4951
10.5001
10.5051
10.5101
10.5151
10.5201
10.5251
10.5301
10.5351
10.5401
10.5451
10.5501
10.5551
10.5601
10.5651
10.5701
10.5752
10.5802
10.5851
10.5901
10.5951
10.6001
10.6051
10.6101
10.6151
10.6201
10.6251
10.6301
10.6351
10.6401
10.6451
10.6501
10.6552
10.6601
10.6651
10.6701
10.6751
10.6801
10.6851
10.6901
10.6951
10.7001
10.7051
10.7101
10.7151
10.7201
10.7251
10.7301
10.7351
10.7402
10.7451
10.7501
10.7551
10.7601
10.7651
10.7701
10.7751
10.7801
10.7851
10.7901
10.7951
10.8001
10.8051
10.8101
10.8151
10.8201
10.825
10.8301
10.8351
10.8401
10.8451
10.8501
10.8551
10.8601
10.8651
10.8701
10.8751
10.8801
10.8851
10.8901
10.8951
10.9001
10.9051
10.9101
10.9151
10.9201
10.9251
10.9301
10.9351
10.9401
10.9451
10.9501
10.9551
10.9601
10.9651
10.9701
10.9751
10.9801
10.9851
10.9901
10.9951
11.0001
11.0051
11.0101
11.0151
11.0201
11.0251
11.0301
11.0351
11.0402
11.0451
11.0501
11.0551
11.0602
11.0651
11.0701
11.0751
11.0801
11.0851
11.0901
11.0951
11.1
11.1051
11.1101
11.1151
11.1201
11.1251
11.1301
11.1351
11.1401
11.1451
11.1501
11.1551
11.1601
11.1652
11.1701
11.1751
11.1801
11.1851
11.1901
11.1951
11.2001
11.2051
11.2101
11.2151
11.2201
11.2251
11.2302
11.2351
11.2401
11.2451
11.2501
11.2551
11.2601
11.2651
11.2701
11.2751
11.2802
11.2851
11.2901
11.2951
11.3001
11.3051
11.3101
11.3151
11.3201
11.3251
11.3301
11.3351
11.3401
11.3451
11.3501
11.3551
11.3601
11.3651
11.3702
11.3751
11.3801
11.3852
11.3901
11.3951
11.4001
11.4051
11.4101
11.4152
11.4201
11.4251
11.4301
11.4351
11.4401
11.4451
11.4501
11.4551
11.4601
11.4651
11.4701
11.4751
11.4801
11.4851
11.4901
11.4951
11.5001
11.5051
11.5101
11.5152
11.5201
11.5251
11.5301
11.5351
11.5401
11.5451
11.5501
11.5551
11.5601
11.5651
11.5701
11.5752
11.5801
11.5852
11.5901
11.5951
11.6001
11.6051
11.6101
11.6151
11.6201
11.6251
11.6301
11.6351
11.6401
11.6451
11.6501
11.6551
11.6601
11.6651
11.6701
11.6751
11.6802
11.6851
11.6901
11.6951
11.7001
11.7051
11.7101
11.7151
11.7201
11.7251
11.7301
11.7351
11.7401
11.7451
11.7501
11.7551
11.7601
11.7651
11.7701
11.7751
11.7801
11.7851
11.7901
11.7951
11.8001
11.8051
11.8101
11.8151
11.8201
11.8251
11.8301
11.8351
11.8401
11.8451
11.8501
11.8551
11.8601
11.8651
11.8701
11.8751
11.8801
11.8851
11.8901
11.8951
11.9001
11.9051
11.9101
11.9151
11.9201
11.925
11.9301
11.9351
11.9401
11.9451
11.9501
11.9551
11.9601
11.9651
11.9701
11.9751
11.9801
11.9851
11.9901
11.9951
12.0001
12.0051
12.0101
12.0152
12.0201
12.0251
12.0301
12.0351
12.0401
12.0451
12.0501
12.0551
12.0601
12.0651
12.0701
12.0751
12.0801
12.0851
12.0901
12.0951
12.1001
12.1051
12.1101
12.1151
12.1201
12.1251
12.1301
12.1351
12.1401
12.1451
12.1501
12.1551
12.1601
12.1651
12.1701
12.1751
12.1801
12.1851
12.1901
12.1951
12.2001
12.2051
12.2101
12.2151
12.2201
12.2251
12.2302
12.2351
12.2401
12.2451
12.2501
12.2551
12.2601
12.2651
12.2701
12.2751
12.2801
12.2851
12.2901
12.2951
12.3001
12.3051
12.3101
12.3151
12.3202
12.3251
12.3301
12.3351
12.3401
12.3451
12.3501
12.3551
12.3601
12.3651
12.3701
12.3751
12.3801
12.3851
12.3901
12.3951
12.4001
12.4051
12.4101
12.4151
12.4202
12.4251
12.4301
12.4351
12.4401
12.4451
12.4501
12.4551
12.4601
12.4651
12.4701
12.4751
12.4801
12.485
12.4901
12.4951
12.5001
12.505
12.5101
12.5151
12.5201
12.5252
12.5301
12.5351
12.5401
12.5452
12.5501
12.5551
12.5601
12.5651
12.5701
12.5751
12.5801
12.5851
12.5901
12.5951
12.6001
12.6051
12.6101
12.6151
12.6201
12.6251
12.6301
12.6351
12.6401
12.6451
12.6501
12.6551
12.6601
12.6651
12.6701
12.6751
12.6801
12.6851
12.6901
12.6951
12.7001
12.7051
12.7101
12.7151
12.7201
12.7251
12.7301
12.7351
12.7401
12.7451
12.7501
12.7551
12.7601
12.7651
12.7701
12.7751
12.7801
12.7851
12.7901
12.7952
12.8
12.8051
12.8101
12.8151
12.8201
12.8252
12.8301
12.8351
12.8401
12.8451
12.8501
12.8551
12.8601
12.8651
12.8701
12.8751
12.8801
12.8851
12.8901
12.8951
12.9001
12.9051
12.9101
12.9151
12.9201
12.9251
12.9301
12.9351
12.9401
12.9451
12.9502
12.9551
12.9601
12.9651
12.9701
12.9751
12.9801
12.9851
12.9901
12.9951
13.0001
13.0051
13.0101
13.0151
13.0201
13.0251
13.0301
13.0351
13.0401
13.0451
13.0502
13.0551
13.0601
13.0651
13.0701
13.0751
13.0802
13.0851
13.0901
13.0952
13.1002
13.1051
13.1101
13.1151
13.1201
13.1251
13.1301
13.1352
13.1401
13.1451
13.1501
13.1551
13.1601
13.1651
13.1701
13.1751
13.1801
13.1851
13.1901
13.1951
13.2001
13.2051
13.2101
13.2151
13.2201
13.2251
13.2301
13.2351
13.2401
13.2451
13.2501
13.2551
13.2601
13.2651
13.2701
13.2751
13.2801
13.2851
13.2901
13.2951
13.3001
13.3051
13.3101
13.3151
13.3201
13.3251
13.3301
13.3351
13.3401
13.3451
13.3501
13.3551
13.3601
13.3651
13.3701
13.3751
13.3801
13.3851
13.3901
13.3951
13.4001
13.4051
13.4101
13.4151
13.4201
13.4251
13.4301
13.4351
13.4401
13.4451
13.4502
13.4551
13.4601
13.4651
13.4701
13.4751
13.4801
13.4851
13.4901
13.4951
13.5001
13.5051
13.5101
13.5151
13.5201
13.5251
13.5301
13.5351
13.5401
13.5451
13.5501
13.5552
13.5601
13.5651
13.5701
13.5751
13.5801
13.5851
13.5901
13.5951
13.6001
13.6051
13.6101
13.6151
13.6201
13.6251
13.6301
13.6351
13.6401
13.6452
13.6501
13.6551
13.6602
13.6651
13.6701
13.6751
13.6801
13.6851
13.6901
13.6951
13.7001
13.7051
13.7101
13.7152
13.7201
13.7251
13.7301
13.7351
13.7401
13.7451
13.7501
13.7551
13.7601
13.7651
13.7701
13.7751
13.7801
13.7851
13.7902
13.7951
13.8001
13.8051
13.8101
13.8151
13.8202
13.8251
13.8301
13.8351
13.8401
13.8451
13.8501
13.8552
13.8601
13.8651
13.8701
13.8751
13.8801
13.8851
13.8901
13.8951
13.9001
13.9051
13.9101
13.9151
13.9201
13.9251
13.9301
13.9351
13.9401
13.9451
13.9501
13.9551
13.9601
13.9651
13.9702
13.9751
13.9801
13.9851
13.9901
13.9951
14.0001
14.0051
14.0101
14.0151
14.0201
14.0251
14.0301
14.0351
14.0401
14.0451
14.0501
14.0551
14.0601
14.0651
14.0701
14.0752
14.0801
14.0851
14.0901
14.0951
14.1001
14.1051
14.1101
14.1151
14.1202
14.1251
14.1301
14.1351
14.1401
14.1451
14.1501
14.1551
14.1601
14.1651
14.1701
14.1751
14.1802
14.1851
14.1901
14.1951
14.2001
14.2051
14.2101
14.2151
14.2201
14.2251
14.2301
14.2351
14.2401
14.2451
14.2501
14.2551
14.2601
14.2651
14.2701
14.2751
14.2801
14.2851
14.2901
14.2951
14.3001
14.3051
14.3101
14.3151
14.3201
14.3251
14.3302
14.3351
14.3401
14.3451
14.3501
14.3551
14.3601
14.3651
14.3701
14.3751
14.3801
14.3851
14.3901
14.3951
14.4001
14.4051
14.4101
14.4151
14.4201
14.4251
14.43
14.4351
14.4401
14.4451
14.4501
14.4551
14.4601
14.4651
14.4701
14.4752
14.4801
14.4851
14.4901
14.4951
14.5001
14.5051
14.5101
14.5151
14.5201
14.5251
14.5302
14.5351
14.5401
14.5451
14.5501
14.5551
14.5601
14.5651
14.5701
14.5752
14.5801
14.5851
14.5902
14.5951
14.6001
14.6051
14.6101
14.6151
14.6201
14.6251
14.6301
14.6351
14.6401
14.6451
14.6501
14.6551
14.6601
14.6651
14.6701
14.6751
14.6801
14.6851
14.6902
14.6952
14.7002
14.7052
14.7102
14.7152
14.7202
14.7252
14.7301
14.7351
14.7401
14.7451
14.7501
14.7551
14.7601
14.7651
14.7701
14.7751
14.7801
14.7851
14.7901
14.7951
14.8001
14.8051
14.8101
14.8151
14.8201
14.8251
14.8301
14.8351
14.8401
14.8451
14.8501
14.8551
14.8601
14.8651
14.8701
14.8751
14.8801
14.8851
14.8901
14.8951
14.9001
14.9051
14.9101
14.9151
14.9201
14.9251
14.9301
14.9351
14.9401
14.9451
14.9501
14.9551
14.9601
14.9651
14.9701
14.9751
14.9801
14.9851
14.9901
14.9951
15.0001
15.0051
15.0101
15.0151
15.0201
15.0251
15.0301
15.0351
15.0402
15.0451
15.0501
15.0551
15.0601
15.0651
15.0701
15.0751
15.0801
15.085
15.0901
15.095
15.1001
15.105
15.1101
15.1151
15.1201
15.1251
15.1301
15.1351
15.1401
15.1451
15.1501
15.1551
15.1601
15.1651
15.1701
15.1751
15.1801
15.1851
15.1901
15.1951
15.2001
15.2051
15.2101
15.2151
15.2201
15.2251
15.2301
15.2351
15.2401
15.2451
15.2501
15.2551
15.2601
15.2651
15.2701
15.2751
15.2801
15.2851
15.2901
15.2951
15.3001
15.3051
15.3101
15.3151
15.3201
15.3251
15.3301
15.3351
15.3401
15.3451
15.3501
15.3551
15.3601
15.3651
15.3701
15.3751
15.3801
15.3851
15.39
15.3952
15.4001
15.4051
15.4101
15.4151
15.4201
15.4251
15.4301
15.4351
15.4401
15.4451
15.4501
15.4551
15.4601
15.4651
15.4701
15.4751
15.4801
15.4851
15.4901
15.4951
15.5001
15.5051
15.5101
15.5151
15.5201
15.5251
15.5301
15.5351
15.5401
15.5451
15.5501
15.5551
15.5601
15.5651
15.5701
15.5751
15.5801
15.5851
15.5901
15.5951
15.6001
15.6051
15.6101
15.6151
15.6201
15.6251
15.6301
15.6351
15.6401
15.6451
15.6501
15.6551
15.6601
15.6651
15.6701
15.6751
15.6801
15.6851
15.6901
15.6951
15.7001
15.7051
15.7101
15.7151
15.7201
15.7251
15.7301
15.7351
15.7401
15.7451
15.7501
15.7551
15.7601
15.7651
15.7701
15.7751
15.7801
15.7851
15.7901
15.7951
15.8001
15.8051
15.8101
15.8151
15.8201
15.8251
15.8301
15.8351
15.8401
15.8452
15.8501
15.8551
15.8601
15.8651
15.8701
15.8751
15.8801
15.8851
15.8901
15.8951
15.9001
15.9052
15.9101
15.9151
15.9201
15.9251
15.9301
15.9351
15.9401
15.9451
15.95
15.9551
15.9601
15.9651
15.9701
15.9751
15.9801
15.9852
15.9901
15.9951
16.0001
16.0051
16.0101
16.0151
16.0201
16.0251
16.0301
16.0351
16.0401
16.0451
16.0501
16.0551
16.0601
16.0651
16.0701
16.0751
16.0801
16.0851
16.0901
16.0951
16.1001
16.1051
16.1101
16.1151
16.1202
16.1251
16.1301
16.1351
16.1401
16.1451
16.1501
16.1551
16.1601
16.1651
16.1701
16.1751
16.1801
16.1851
16.1901
16.1951
16.2001
16.2051
16.2101
16.2151
16.2201
16.2251
16.2301
16.2351
16.2401
16.2451
16.2501
16.2551
16.2601
16.2651
16.2701
16.2751
16.2801
16.2851
16.2902
16.2951
16.3001
16.3051
16.3101
16.3152
16.3201
16.3252
16.3301
16.3351
16.3401
16.3451
16.3501
16.3551
16.3601
16.3651
16.3701
16.3751
16.3801
16.3851
16.3901
16.3951
16.4001
16.4051
16.4101
16.4151
16.4201
16.4251
16.4301
16.4351
16.4401
16.4451
16.4501
16.4551
16.4601
16.4651
16.4701
16.4751
16.4801
16.4851
16.4901
16.4951
16.5001
16.5051
16.5101
16.5151
16.5201
16.5251
16.5301
16.5351
16.5401
16.5451
16.5501
16.5551
16.5601
16.5651
16.5701
16.5751
16.5801
16.5852
16.5901
16.5951
16.6001
16.6051
16.6101
16.6151
16.6201
16.6252
16.6301
16.6351
16.6401
16.6451
16.6501
16.6551
16.6601
16.6651
16.6701
16.6751
16.6801
16.6851
16.6901
16.6951
16.7001
16.7051
16.7101
16.7151
16.7201
16.725
16.7301
16.7351
16.7401
16.7451
16.7501
16.7551
16.7601
16.7651
16.7701
16.7751
16.7801
16.7851
16.7901
16.7951
16.8001
16.8051
16.8101
16.8151
16.8201
16.8251
16.8302
16.8351
16.8401
16.8451
16.8501
16.8551
16.8601
16.8651
16.8701
16.8751
16.8801
16.8851
16.8901
16.8951
16.9001
16.9051
16.9101
16.9151
16.9201
16.9251
16.9302
16.9351
16.9401
16.9451
16.9501
16.9551
16.9601
16.9652
16.9701
16.9751
16.9801
16.9851
16.99
16.9951
17.0001
17.0051
17.0101
17.0151
17.0201
17.0251
17.0301
17.0352
17.0401
17.0451
17.0501
17.0551
17.0601
17.0651
17.0701
17.0751
17.0801
17.0851
17.0901
17.0951
17.1001
17.1051
17.1101
17.1151
17.1201
17.1251
17.1301
17.1351
17.1401
17.1451
17.1501
17.1551
17.1601
17.1651
17.1701
17.1751
17.1801
17.1851
17.1901
17.1951
17.2001
17.2051
17.2101
17.2151
17.2201
17.2251
17.2301
17.2351
17.2401
17.2451
17.2501
17.2551
17.2601
17.2651
17.2701
17.2751
17.2801
17.285
17.2901
17.2951
17.3001
17.3051
17.3101
17.3151
17.3201
17.3251
17.3301
17.3351
17.3402
17.3452
17.3501
17.3551
17.3601
17.3651
17.3701
17.3752
17.3801
17.3851
17.3901
17.3951
17.4001
17.4051
17.4101
17.4151
17.4201
17.4251
17.4301
17.4351
17.4401
17.4451
17.4501
17.4551
17.4601
17.4651
17.4701
17.4751
17.4801
17.4851
17.4901
17.4951
17.5001
17.5051
17.5101
17.5151
17.5201
17.5251
17.5301
17.5351
17.5401
17.5451
17.5501
17.5551
17.5601
17.5651
17.5701
17.5751
17.5801
17.5851
17.5901
17.5951
17.6001
17.6052
17.6101
17.6151
17.6201
17.6251
17.6301
17.6351
17.6401
17.6451
17.6501
17.6551
17.6602
17.6651
17.6701
17.6751
17.6801
17.6851
17.6901
17.6951
17.7001
17.7051
17.7101
17.7151
17.7201
17.7251
17.7301
17.7351
17.7401
17.7451
17.7501
17.7551
17.7601
17.7651
17.7701
17.7751
17.7801
17.7851
17.7901
17.7951
17.8001
17.8051
17.8101
17.8151
17.8201
17.8251
17.8301
17.8351
17.8401
17.8451
17.8501
17.8551
17.8601
17.8652
17.8701
17.8751
17.8801
17.8851
17.8901
17.8951
17.9001
17.9051
17.9101
17.9151
17.9201
17.9251
17.9301
17.9351
17.9401
17.9451
17.9501
17.9551
17.9601
17.9651
17.9701
17.9751
17.9801
17.9851
17.9901
17.9951
18.0001
18.0051
18.0101
18.0151
18.0201
18.0251
18.0301
18.0351
18.0401
18.0451
18.0501
18.0551
18.0601
18.0651
18.0701
18.0752
18.0801
18.0851
18.0901
18.0951
18.1001
18.1051
18.1101
18.1151
18.1201
18.1251
18.1301
18.1351
18.1401
18.1451
18.1501
18.1551
18.1601
18.1651
18.1701
18.1751
18.1801
18.1851
18.1901
18.1951
18.2001
18.2051
18.2101
18.2151
18.2201
18.2251
18.2301
18.2351
18.2401
18.2451
18.2501
18.2551
18.2601
18.2651
18.2701
18.2751
18.2801
18.2851
18.2902
18.2951
18.3001
18.3051
18.3101
18.3151
18.3201
18.3251
18.3301
18.3351
18.3401
18.3451
18.3501
18.3551
18.3601
18.3651
18.3701
18.3751
18.3802
18.3851
18.3901
18.3951
18.4001
18.4051
18.4101
18.4151
18.4201
18.4251
18.4301
18.4351
18.4401
18.4451
18.4501
18.4552
18.4601
18.4651
18.4701
18.4751
18.4801
18.4851
18.4901
18.4951
18.5001
18.5051
18.5101
18.5151
18.5201
18.5251
18.5301
18.5351
18.5401
18.5451
18.5501
18.5551
18.5601
18.5651
18.5701
18.5751
18.5802
18.5851
18.5901
18.5951
18.6001
18.6052
18.6101
18.6151
18.6201
18.6251
18.6301
18.6351
18.6401
18.6451
18.6501
18.6551
18.6601
18.6651
18.6701
18.6751
18.6801
18.6851
18.6901
18.6951
18.7002
18.7051
18.7101
18.7151
18.7201
18.7251
18.7301
18.7351
18.7401
18.7451
18.7501
18.7551
18.7601
18.7651
18.7701
18.7751
18.7801
18.7851
18.7901
18.7951
18.8001
18.8051
18.8101
18.8151
18.8201
18.8251
18.8301
18.8351
18.8401
18.8451
18.8501
18.8551
18.8601
18.8651
18.8701
18.8751
18.8802
18.885
18.8901
18.8951
18.9001
18.9051
18.9101
18.9151
18.9201
18.9251
18.9301
18.9351
18.9401
18.9451
18.9501
18.9551
18.9601
18.9651
18.9701
18.9752
18.9801
18.9851
18.9901
18.9951
19.0001
19.0051
19.0101
19.0151
19.0201
19.0251
19.0301
19.0351
19.0401
19.0451
19.0501
19.0551
19.0601
19.0651
19.0701
19.0751
19.0801
19.0851
19.0901
19.0951
19.1001
19.1051
19.1101
19.1151
19.1201
19.1251
19.1301
19.1351
19.1401
19.1451
19.1501
19.1551
19.1601
19.1651
19.1701
19.1751
19.1801
19.1851
19.1901
19.1952
19.2001
19.2051
19.2101
19.2151
19.2201
19.2251
19.2301
19.2351
19.2401
19.245
19.2501
19.2552
19.2601
19.2651
19.2701
19.2751
19.2801
19.2851
19.2901
19.2951
19.3001
19.3051
19.3101
19.3151
19.3201
19.3251
19.3302
19.3351
19.3401
19.3451
19.3501
19.3551
19.3601
19.3651
19.3701
19.3751
19.3801
19.3851
19.3901
19.3951
19.4001
19.4051
19.4101
19.4151
19.4201
19.4251
19.4301
19.4351
19.4401
19.4451
19.4501
19.4551
19.4601
19.4651
19.4701
19.4751
19.4801
19.4851
19.4901
19.4951
19.5001
19.5051
19.5101
19.5151
19.5201
19.5251
19.5301
19.5351
19.5401
19.5451
19.5501
19.5551
19.5601
19.5651
19.5701
19.5751
19.5801
19.5851
19.5901
19.5951
19.6001
19.6051
19.6101
19.6151
19.6201
19.6251
19.6301
19.6351
19.6401
19.6451
19.6501
19.6551
19.6601
19.6651
19.6701
19.6751
19.6801
19.6851
19.6901
19.6951
19.7001
19.7051
19.7102
19.7151
19.7202
19.7251
19.7301
19.7351
19.7401
19.7451
19.7501
19.7551
19.7601
19.7651
19.7702
19.7751
19.7802
19.7851
19.7901
19.7951
19.8002
19.8051
19.8101
19.8151
19.8201
19.8251
19.8301
19.8351
19.8401
19.8451
19.8501
19.8551
19.8601
19.8651
19.8701
19.8751
19.8801
19.8851
19.8901
19.8951
19.9001
19.9051
19.9101
19.9151
19.9201
19.9251
19.9302
19.9351
19.9401
19.9451
19.9501
19.9551
19.9601
19.9651
19.9701
19.9751
19.9801
19.9851
19.9901
19.9951
20.0001
20.0051
20.0101
20.0151
20.0201
20.0251
20.0302
20.0351
20.0401
20.0451
20.0501
20.0551
20.0601
20.0651
20.0701
20.0751
20.0801
20.0851
20.0901
20.0951
20.1001
20.1051
20.1101
20.1151
20.1201
20.1252
20.1301
20.1351
20.1401
20.1451
20.1501
20.1551
20.1601
20.1651
20.1701
20.1751
20.1801
20.1851
20.1901
20.1951
20.2001
20.2051
20.2101
20.2151
20.2201
20.2251
20.2301
20.2351
20.2401
20.2451
20.2501
20.2551
20.2601
20.2651
20.2701
20.2751
20.2801
20.2851
20.2901
20.2951
20.3001
20.3051
20.3101
20.3151
20.3201
20.3251
20.3301
20.3351
20.3401
20.3452
20.3501
20.3551
20.3601
20.3651
20.3701
20.3751
20.3801
20.3851
20.3901
20.3951
20.4001
20.4051
20.4101
20.4151
20.4201
20.425
20.4301
20.4351
20.4401
20.4451
20.4502
20.4551
20.4602
20.4651
20.4701
20.4751
20.4801
20.4851
20.4901
20.4951
20.5001
20.5052
20.5101
20.5151
20.5201
20.5251
20.5301
20.5351
20.5401
20.5452
20.5501
20.5551
20.5601
20.5651
20.5701
20.5751
20.5801
20.5851
20.5901
20.5951
20.6001
20.6051
20.6101
20.6151
20.6201
20.6251
20.6301
20.6352
20.6401
20.6452
20.6501
20.6551
20.6601
20.6651
20.6701
20.6752
20.6801
20.6851
20.6901
20.6951
20.7001
20.7051
20.7101
20.7151
20.7201
20.7251
20.7301
20.7352
20.7402
20.7451
20.7501
20.7551
20.7601
20.7651
20.7701
20.7751
20.7801
20.7851
20.7901
20.7951
20.8001
20.8051
20.8101
20.8151
20.8201
20.8251
20.8301
20.8351
20.8401
20.8451
20.8501
20.8551
20.8601
20.8651
20.8701
20.8751
20.8801
20.8851
20.8901
20.8951
20.9001
20.9051
20.9101
20.9151
20.9201
20.9251
20.9301
20.9351
20.9401
20.9451
20.9501
20.9551
20.9601
20.9651
20.9701
20.9751
20.9801
20.9851
20.9901
20.9951
21.0001
21.0051
21.0101
21.0151
21.0201
21.0251
21.0301
21.0351
21.0401
21.0452
21.0501
21.0552
21.0601
21.0651
21.0701
21.0751
21.0801
21.0851
21.0901
21.0951
21.1001
21.1051
21.1101
21.1151
21.1201
21.1251
21.1301
21.1351
21.1401
21.1451
21.1501
21.1551
21.1601
21.1651
21.1701
21.1751
21.1801
21.1851
21.1901
21.1951
21.2001
21.2051
21.2101
21.2151
21.2201
21.2251
21.2301
21.2351
21.2401
21.2451
21.2501
21.2551
21.2601
21.2651
21.2701
21.2751
21.2801
21.2851
21.2901
21.2951
21.3001
21.3051
21.3101
21.3151
21.3201
21.3251
21.3301
21.3351
21.3401
21.3451
21.3501
21.3551
21.3602
21.3651
21.3701
21.3751
21.3801
21.3851
21.3901
21.3951
21.4001
21.4051
21.4101
21.4151
21.4201
21.4251
21.4301
21.4351
21.4401
21.4451
21.4501
21.4551
21.4601
21.4651
21.4701
21.4751
21.4801
21.4851
21.4901
21.4951
21.5001
21.5051
21.51
21.5151
21.52
21.5251
21.53
21.5351
21.5401
21.5451
21.5501
21.5551
21.5601
21.5651
21.5701
21.5751
21.5801
21.5851
21.5901
21.5951
21.6001
21.6051
21.6101
21.6151
21.6201
21.6251
21.6301
21.6351
21.6401
21.6451
21.6501
21.6551
21.6601
21.6651
21.6701
21.6751
21.6801
21.6851
21.6901
21.6951
21.7001
21.705
21.7101
21.7151
21.7201
21.7251
21.7301
21.7351
21.7401
21.7451
21.7501
21.7551
21.7601
21.7652
21.7701
21.7751
21.7801
21.7851
21.7901
21.7951
21.8001
21.8051
21.8101
21.8151
21.8201
21.8251
21.8301
21.8351
21.8401
21.8451
21.8501
21.8551
21.8601
21.8651
21.8701
21.8751
21.8801
21.8851
21.8901
21.8951
21.9001
21.9051
21.9101
21.9151
21.9201
21.9251
21.9301
21.9351
21.9401
21.9451
21.9501
21.9551
21.96
21.9651
21.9702
21.9751
21.9802
21.9851
21.9901
21.9951
22.0001
22.0051
22.0101
22.0151
22.0201
22.0251
22.0301
22.0351
22.0401
22.0451
22.0501
22.0551
22.0602
22.0651
22.0702
22.0751
22.0801
22.0851
22.0901
22.0951
22.1001
22.1051
22.1101
22.1151
22.1201
22.1251
22.1301
22.1351
22.1401
22.1451
22.1502
22.1551
22.1601
22.1651
22.1701
22.1752
22.1801
22.1852
22.1901
22.1951
22.2001
22.2051
22.2101
22.2151
22.2201
22.2251
22.2301
22.2351
22.2401
22.2451
22.2501
22.2552
22.2601
22.2651
22.2701
22.2751
22.2801
22.2851
22.2901
22.2951
22.3001
22.3051
22.3101
22.3151
22.3201
22.3251
22.3301
22.3351
22.3401
22.3452
22.3501
22.3551
22.3602
22.3651
22.3701
22.3751
22.3801
22.3851
22.3901
22.3951
22.4001
22.4051
22.4101
22.4151
22.4201
22.4251
22.4301
22.4351
22.4401
22.4451
22.4501
22.4551
22.4601
22.4651
22.4701
22.4751
22.4801
22.4852
22.4901
22.4951
22.5001
22.5051
22.5101
22.5151
22.5201
22.5251
22.5301
22.5351
22.5401
22.5451
22.5501
22.5551
22.5601
22.5651
22.5701
22.5751
22.5801
22.5851
22.5902
22.5951
22.6001
22.6051
22.6101
22.6151
22.6201
22.6251
22.6301
22.6351
22.6401
22.6451
22.6501
22.6551
22.6601
22.6651
22.6701
22.6751
22.6801
22.6851
22.6901
22.6952
22.7001
22.7051
22.7101
22.7151
22.7201
22.7251
22.7301
22.7351
22.7401
22.7451
22.7501
22.7552
22.7601
22.7651
22.7701
22.7751
22.7801
22.7851
22.7901
22.7951
22.8001
22.8051
22.8101
22.8151
22.8201
22.8251
22.8301
22.8351
22.8401
22.8451
22.8501
22.8552
22.8601
22.8651
22.8701
22.8751
22.8801
22.8851
22.8901
22.8951
22.9001
22.9051
22.9101
22.9151
22.9201
22.9251
22.9301
22.9351
22.9401
22.9451
22.9501
22.9551
22.9601
22.9652
22.9701
22.9751
22.9801
22.9851
22.9901
22.9952
23.0001
23.0051
23.0101
23.0151
23.0201
23.0251
23.0301
23.0351
23.0401
23.0451
23.0501
23.0551
23.0602
23.0651
23.0701
23.0751
23.0801
23.0852
23.0901
23.0951
23.1001
23.1051
23.1101
23.1151
23.1201
23.1251
23.1301
23.1351
23.1401
23.145
23.1501
23.1551
23.1601
23.165
23.1701
23.175
23.1801
23.1851
23.1901
23.1951
23.2001
23.2051
23.2101
23.2151
23.2201
23.2251
23.2301
23.2351
23.2401
23.2451
23.2501
23.2551
23.2601
23.2651
23.2701
23.2751
23.2801
23.2851
23.2901
23.2951
23.3001
23.3051
23.3102
23.3151
23.3201
23.3252
23.3302
23.3351
23.3401
23.3451
23.3501
23.3551
23.3601
23.3651
23.3701
23.3751
23.3801
23.3851
23.3901
23.3952
23.4001
23.4051
23.4101
23.4152
23.4201
23.4251
23.4301
23.4351
23.4401
23.4451
23.4501
23.4551
23.4601
23.4651
23.4702
23.4751
23.4802
23.4851
23.4901
23.4951
23.5001
23.5051
23.5101
23.5151
23.5201
23.5251
23.5301
23.5351
23.5401
23.5451
23.5501
23.5551
23.5601
23.5651
23.5701
23.5751
23.5801
23.5851
23.5901
23.5951
23.6001
23.6051
23.6101
23.6151
23.6201
23.6251
23.6301
23.6351
23.6401
23.6451
23.6501
23.6551
23.6601
23.6651
23.6701
23.6751
23.6801
23.6851
23.6901
23.6951
23.7001
23.7051
23.7101
23.7151
23.7202
23.7251
23.7301
23.7351
23.7401
23.7451
23.7501
23.7551
23.7601
23.7651
23.7701
23.7751
23.7801
23.7851
23.7902
23.7951
23.8001
23.8051
23.8101
23.8151
23.8201
23.8251
23.8301
23.8351
23.8401
23.8452
23.8501
23.8551
23.8601
23.8651
23.8701
23.8751
23.8801
23.8851
23.8901
23.8951
23.9001
23.9051
23.9101
23.9151
23.9201
23.9251
23.9301
23.9351
23.9401
23.9451
23.9501
23.9551
23.9601
23.9651
23.9701
23.9751
23.9801
23.9851
23.9902
23.9951
24.0001
24.0051
24.0101
24.0151
24.0201
24.0251
24.0301
24.0351
24.0401
24.0451
24.0501
24.0551
24.0601
24.0651
24.0701
24.0751
24.0801
24.0851
24.0901
24.0951
24.1001
24.1051
24.1101
24.1151
24.1201
24.1251
24.1302
24.1351
24.1401
24.1451
24.1501
24.1551
24.1601
24.1651
24.1701
24.1752
24.1801
24.1851
24.1901
24.1951
24.2001
24.2051
24.2101
24.2151
24.2201
24.2251
24.2301
24.2351
24.2401
24.2452
24.2501
24.2551
24.2601
24.2651
24.2701
24.2751
24.2801
24.2851
24.2901
24.2951
24.3001
24.3051
24.3101
24.3151
24.3201
24.3251
24.3301
24.3352
24.3401
24.3452
24.3501
24.3551
24.3601
24.3651
24.3701
24.3751
24.3801
24.3851
24.3901
24.3951
24.4001
24.4051
24.4101
24.4151
24.4201
24.4251
24.4301
24.4351
24.4401
24.4451
24.4501
24.4551
24.4601
24.4651
24.4701
24.4752
24.4801
24.4851
24.4902
24.4951
24.5001
24.5051
24.51
24.5151
24.5201
24.5251
24.5301
24.5351
24.5402
24.5451
24.5502
24.5551
24.5602
24.5651
24.5701
24.5751
24.5801
24.5851
24.5901
24.5951
24.6001
24.6051
24.6101
24.6151
24.6201
24.6251
24.6301
24.6351
24.6401
24.6451
24.6501
24.6552
24.6602
24.6652
24.6702
24.6752
24.6801
24.6852
24.6901
24.6951
24.7001
24.7051
24.7101
24.7151
24.7201
24.7251
24.7301
24.7351
24.7401
24.7451
24.7501
24.7551
24.7601
24.7651
24.7701
24.7751
24.7801
24.7851
24.7901
24.7951
24.8001
24.8051
24.8101
24.8151
24.8201
24.8251
24.8301
24.8351
24.8401
24.8452
24.8501
24.8552
24.8602
24.8651
24.8701
24.8751
24.8801
24.8851
24.8902
24.8951
24.9001
24.9051
24.9101
24.9151
24.9201
24.9251
24.9301
24.9351
24.9401
24.9451
24.9501
24.9551
24.9601
24.9651
24.9701
24.9751
24.9801
24.9851
24.9901
24.9951
25.0001
25.0051
25.0101
25.0151
25.0201
25.0251
25.0301
25.0351
25.0401
25.0451
25.0501
25.0551
25.0601
25.0651
25.0701
25.0751
25.0801
25.0851
25.0901
25.0951
25.1001
25.1051
25.1101
25.1151
25.1201
25.1251
25.1301
25.1351
25.1401
25.1451
25.1501
25.1551
25.1601
25.1651
25.1701
25.1751
25.1801
25.1851
25.1901
25.1951
25.2001
25.2051
25.2101
25.2151
25.2201
25.2251
25.2301
25.2351
25.2401
25.2451
25.2501
25.2551
25.2601
25.2651
25.2701
25.2751
25.2801
25.2851
25.2901
25.2951
25.3001
25.3051
25.3101
25.3151
25.3201
25.3251
25.3301
25.3351
25.3401
25.3452
25.3501
25.3551
25.3601
25.3651
25.3701
25.3751
25.3801
25.3851
25.3901
25.3951
25.4001
25.4051
25.4101
25.4151
25.4201
25.4251
25.4301
25.4351
25.4401
25.4451
25.4501
25.4551
25.4601
25.4651
25.4701
25.4751
25.4801
25.4851
25.4901
25.4951
25.5001
25.5051
25.5101
25.5151
25.5201
25.5251
25.5301
25.5351
25.5401
25.5451
25.5501
25.5551
25.5601
25.565
25.5701
25.5751
25.5801
25.5851
25.5901
25.5951
25.6001
25.6051
25.6101
25.6151
25.6201
25.6251
25.6301
25.6351
25.6401
25.6451
25.6501
25.6551
25.6601
25.6651
25.6702
25.6751
25.6801
25.6851
25.6901
25.6951
25.7001
25.7051
25.7101
25.7151
25.7201
25.7251
25.7301
25.7351
25.7401
25.7451
25.7501
25.7551
25.7601
25.7651
25.7701
25.7751
25.7801
25.7852
25.7902
25.7951
25.8001
25.8051
25.8101
25.8151
25.8201
25.8251
25.8301
25.8351
25.8401
25.8451
25.8501
25.8551
25.8601
25.8651
25.8701
25.8751
25.8801
25.8851
25.8902
25.8952
25.9001
25.9051
25.9101
25.9151
25.9201
25.9251
25.9301
25.9351
25.9401
25.9451
25.9501
25.9551
25.9601
25.9651
25.9701
25.9751
25.9801
25.9851
25.9902
25.9951
26.0001
26.0051
26.0101
26.0151
26.0202
26.0251
26.0301
26.0351
26.0402
26.0451
26.0501
26.0551
26.0602
26.0651
26.0701
26.0751
26.0802
26.0851
26.0902
26.0952
26.1001
26.1051
26.1101
26.1151
26.1201
26.1251
26.1301
26.1351
26.1401
26.1451
26.1501
26.1551
26.1601
26.1652
26.1701
26.1751
26.1801
26.1851
26.1901
26.1952
26.2002
26.2052
26.2101
26.2151
26.2201
26.2251
26.2301
26.2351
26.2401
26.2451
26.2501
26.2551
26.2601
26.2651
26.2701
26.2751
26.2801
26.2851
26.2901
26.2951
26.3001
26.3051
26.3101
26.3151
26.3201
26.3251
26.3301
26.3351
26.3401
26.3451
26.3501
26.3552
26.3601
26.3651
26.3701
26.3751
26.3801
26.3851
26.3901
26.3951
26.4001
26.4051
26.4101
26.4151
26.4201
26.4251
26.4301
26.4351
26.4401
26.4451
26.4502
26.4551
26.4601
26.4651
26.4701
26.4751
26.4801
26.4851
26.4901
26.4952
26.5001
26.5052
26.5101
26.5151
26.5201
26.5251
26.5301
26.5351
26.5401
26.5451
26.5501
26.5551
26.5601
26.5651
26.5701
26.5751
26.5801
26.5851
26.5901
26.5952
26.6001
26.6051
26.6102
26.6151
26.6202
26.625
26.6301
26.635
26.6401
26.6451
26.6501
26.6551
26.6601
26.6651
26.6701
26.6751
26.6801
26.6851
26.6901
26.6951
26.7001
26.7051
26.7101
26.7151
26.7201
26.7251
26.7301
26.7351
26.7401
26.7451
26.7501
26.7551
26.7601
26.7651
26.7701
26.7751
26.7801
26.7851
26.7901
26.7951
26.8001
26.8052
26.8101
26.8151
26.8201
26.8251
26.8301
26.8351
26.8401
26.8452
26.8501
26.8551
26.8601
26.8651
26.8701
26.8751
26.8801
26.8851
26.8901
26.8951
26.9001
26.9051
26.9101
26.9151
26.9201
26.9251
26.9301
26.9351
26.9402
26.9451
26.9502
26.9551
26.9601
26.9651
26.9701
26.9751
26.9801
26.9851
26.9901
26.9951
27.0001
27.0051
27.0102
27.0151
27.0201
27.0251
27.0301
27.0351
27.0401
27.0451
27.0501
27.0551
27.0601
27.0651
27.0701
27.0751
27.0801
27.0851
27.0902
27.0951
27.1001
27.1051
27.1101
27.1151
27.1201
27.1252
27.1301
27.1351
27.1401
27.1451
27.1501
27.1551
27.1601
27.1651
27.1701
27.1751
27.1801
27.1851
27.1901
27.1951
27.2001
27.2051
27.2101
27.2151
27.2201
27.2251
27.2301
27.2351
27.2401
27.2451
27.2501
27.2551
27.2601
27.2651
27.2701
27.2751
27.2801
27.2851
27.2901
27.2951
27.3001
27.3051
27.3101
27.3151
27.3201
27.3251
27.3301
27.3351
27.3401
27.3451
27.3501
27.3551
27.3601
27.3651
27.3701
27.3751
27.3801
27.3851
27.3901
27.3951
27.4001
27.4051
27.4102
27.4151
27.4201
27.4251
27.4301
27.4351
27.4401
27.4451
27.4501
27.4551
27.4601
27.4651
27.4701
27.4751
27.4801
27.4851
27.4901
27.4951
27.5001
27.5051
27.5101
27.5151
27.5202
27.5251
27.5302
27.5351
27.5401
27.5451
27.5501
27.5551
27.5602
27.5651
27.5701
27.5751
27.5801
27.5851
27.5901
27.5951
27.6001
27.6051
27.6101
27.6151
27.6202
27.6251
27.6301
27.6351
27.6401
27.6452
27.6501
27.6551
27.6601
27.6651
27.6701
27.6751
27.6801
27.6852
27.6901
27.6951
27.7001
27.7051
27.7101
27.7151
27.7201
27.7252
27.7301
27.7351
27.7401
27.7452
27.7501
27.7551
27.7601
27.7651
27.7701
27.7751
27.7801
27.7851
27.7901
27.7951
27.8001
27.8051
27.81
27.8152
27.8201
27.8251
27.8301
27.8351
27.8402
27.8451
27.8501
27.8551
27.8601
27.8651
27.8701
27.8751
27.8801
27.8851
27.8901
27.8951
27.9001
27.9051
27.9101
27.9151
27.9201
27.9251
27.9301
27.9351
27.9401
27.9451
27.9501
27.9551
27.9601
27.9651
27.9701
27.9751
27.9801
27.9851
27.9901
27.9951
28.0001
28.0051
28.0101
28.0151
28.0201
28.0251
28.0302
28.0351
28.0401
28.0451
28.0501
28.0551
28.0601
28.0651
28.0701
28.0751
28.0801
28.0851
28.0901
28.0951
28.1001
28.1051
28.1101
28.1151
28.1201
28.1251
28.1301
28.1352
28.1401
28.1452
28.1501
28.1551
28.1601
28.1652
28.1701
28.1751
28.1801
28.1851
28.1901
28.1951
28.2001
28.2051
28.2101
28.2151
28.2201
28.2251
28.2301
28.2351
28.2401
28.2451
28.2501
28.2551
28.2601
28.2651
28.2701
28.2751
28.2801
28.2851
28.2901
28.2951
28.3001
28.3051
28.3101
28.3151
28.3201
28.3251
28.3301
28.3351
28.3401
28.3451
28.3501
28.3551
28.3601
28.3651
28.3701
28.3751
28.3801
28.3851
28.3901
28.3951
28.4001
28.4051
28.4101
28.4151
28.4201
28.4251
28.4301
28.4351
28.4401
28.4451
28.4501
28.4551
28.4601
28.4652
28.4701
28.4751
28.4801
28.4851
28.4901
28.4951
28.5001
28.5051
28.5101
28.5151
28.5201
28.5251
28.5301
28.5351
28.5401
28.5451
28.5501
28.5551
28.5601
28.5651
28.5701
28.5752
28.5801
28.5851
28.5901
28.5951
28.6001
28.6051
28.6101
28.6151
28.6201
28.6251
28.6301
28.6351
28.6401
28.6451
28.6501
28.6551
28.6601
28.6651
28.6701
28.6751
28.6801
28.6851
28.6901
28.6951
28.7001
28.7051
28.7101
28.7151
28.7202
28.7251
28.7301
28.7351
28.7401
28.7451
28.7501
28.7551
28.7601
28.7651
28.7701
28.7751
28.7801
28.7851
28.7901
28.7951
28.8001
28.8051
28.8101
28.8151
28.8201
28.8251
28.8301
28.8351
28.8401
28.8452
28.8501
28.8551
28.8601
28.8651
28.8701
28.8751
28.8801
28.8851
28.8901
28.8951
28.9001
28.9051
28.9101
28.9151
28.9201
28.9251
28.9301
28.9351
28.9401
28.9451
28.9501
28.9551
28.9602
28.9651
28.9702
28.9751
28.9801
28.9851
28.9901
28.9951
29.0001
29.0051
29.0101
29.0151
29.0201
29.0251
29.0301
29.0351
29.0401
29.0451
29.0501
29.0551
29.0601
29.0651
29.0701
29.0751
29.0801
29.0851
29.0901
29.0951
29.1001
29.1051
29.1101
29.1151
29.1202
29.1251
29.1301
29.1351
29.1401
29.1451
29.1502
29.1551
29.1601
29.1651
29.1701
29.1751
29.1801
29.1851
29.1901
29.1951
29.2001
29.2051
29.2101
29.2151
29.2201
29.2251
29.2301
29.2351
29.2401
29.2451
29.2501
29.2551
29.2601
29.2652
29.2701
29.2751
29.2801
29.2851
29.29
29.2951
29.3001
29.3051
29.3101
29.3151
29.3201
29.3251
29.3301
29.3351
29.3401
29.3451
29.3501
29.3551
29.3601
29.3651
29.3702
29.3751
29.3801
29.3851
29.3901
29.3951
29.4001
29.4051
29.4101
29.4151
29.4201
29.4251
29.4301
29.4351
29.4401
29.4451
29.4501
29.4551
29.4601
29.4651
29.4701
29.4751
29.4801
29.4851
29.4902
29.4951
29.5001
29.5051
29.5101
29.5151
29.5201
29.5251
29.5301
29.5351
29.5401
29.5451
29.5501
29.5551
29.5601
29.5651
29.5701
29.5751
29.5801
29.5851
29.5901
29.5951
29.6001
29.6051
29.6102
29.6152
29.6201
29.6251
29.6302
29.6351
29.6401
29.6451
29.6501
29.6551
29.6601
29.6651
29.6701
29.6751
29.6801
29.6851
29.6901
29.6952
29.7001
29.7051
29.7101
29.7151
29.7201
29.7251
29.7301
29.7351
29.7401
29.7451
29.7501
29.7551
29.7601
29.7651
29.7701
29.7751
29.7801
29.7851
29.7901
29.7951
29.8001
29.8051
29.8101
29.8151
29.8201
29.8251
29.8301
29.8351
29.8401
29.8451
29.8501
29.8551
29.8601
29.8652
29.8701
29.8751
29.8801
29.8851
29.8901
29.8951
29.9001
29.9051
29.9101
29.9151
29.9201
29.9251
29.9301
29.9351
29.9401
29.9451
29.9501
29.9551
29.9601
29.9651
29.9701
29.9751
29.9801
29.9851
29.9901
29.9951
30.0001
30.0051
30.0101
30.0151
30.0201
30.0251
30.0301
30.0351
30.0401
30.0451
30.0501
30.0551
30.0601
30.0651
30.0701
30.0751
30.0801
30.0851
30.0901
30.0951
30.1001
30.1051
30.1101
30.1151
30.1201
30.1251
30.1301
30.1351
30.1401
30.1451
30.1501
30.1551
30.1601
30.1651
30.1701
30.1751
30.1801
30.1851
30.1901
30.1951
30.2001
30.2051
30.2101
30.2151
30.2201
30.2251
30.2301
30.2351
30.2401
30.2451
30.2501
30.2551
30.2601
30.2651
30.2701
30.2751
30.2801
30.2851
30.2901
30.2952
30.3001
30.3051
30.3101
30.3151
30.3201
30.3251
30.3301
30.3351
30.3401
30.3451
30.3501
30.3552
30.3601
30.3651
30.3701
30.3751
30.3801
30.3851
30.3901
30.3951
30.4002
30.4051
30.4101
30.4152
30.4201
30.4251
30.4301
30.4351
30.4401
30.4451
30.4501
30.4551
30.4601
30.4651
30.4701
30.4751
30.4801
30.4851
30.4901
30.4951
30.5001
30.5051
30.5101
30.5151
30.5201
30.5251
30.5301
30.5351
30.5401
30.5451
30.5501
30.5551
30.5601
30.5651
30.5701
30.5751
30.5801
30.5851
30.5901
30.5951
30.6001
30.6051
30.6101
30.6152
30.6202
30.6253
30.6302
30.6352
30.6402
30.6452
30.6501
30.6551
30.6601
30.6651
30.6701
30.6751
30.6801
30.6851
30.6901
30.6951
30.7001
30.7051
30.7101
30.7151
30.7201
30.7251
30.73
30.7351
30.7401
30.7451
30.7501
30.7551
30.7601
30.7651
30.7701
30.7751
30.7801
30.7851
30.7901
30.7951
30.8001
30.8051
30.8102
30.8151
30.8201
30.8251
30.8301
30.8351
30.8401
30.8451
30.8501
30.8551
30.8601
30.8651
30.8701
30.8751
30.8801
30.8851
30.8901
30.8951
30.9001
30.9051
30.9101
30.9151
30.9201
30.9251
30.9301
30.9351
30.9401
30.9451
30.9501
30.9551
30.9601
30.9651
30.9701
30.9751
30.9801
30.9851
30.9901
30.9951
31.0001
31.0051
31.0101
31.0151
31.0201
31.0251
31.0302
31.0351
31.0401
31.0451
31.0501
31.0551
31.0601
31.0651
31.0701
31.0751
31.0801
31.0851
31.0901
31.0951
31.1001
31.1051
31.1101
31.1151
31.1201
31.1251
31.1302
31.1351
31.1401
31.1451
31.1501
31.1551
31.1601
31.1651
31.1701
31.1751
31.1801
31.1851
31.1901
31.1951
31.2001
31.2051
31.2101
31.2151
31.2201
31.2251
31.2301
31.2351
31.2401
31.2451
31.2501
31.2551
31.2601
31.2651
31.2702
31.2751
31.2801
31.2851
31.2901
31.2951
31.3001
31.3051
31.3101
31.3151
31.3201
31.3252
31.3301
31.3351
31.3401
31.3451
31.3501
31.3551
31.3601
31.3651
31.3701
31.3751
31.3801
31.3851
31.3901
31.3951
31.4001
31.4051
31.4101
31.4151
31.4201
31.4251
31.4302
31.4351
31.4401
31.4452
31.4501
31.4551
31.4601
31.4651
31.4701
31.4751
31.4801
31.4851
31.4902
31.4951
31.5001
31.505
31.5101
31.5151
31.5201
31.5251
31.5301
31.5351
31.5401
31.5451
31.5501
31.5551
31.5601
31.5651
31.5701
31.5751
31.5801
31.5851
31.5901
31.5951
31.6001
31.6051
31.6101
31.6151
31.6201
31.6251
31.6301
31.6351
31.6401
31.6451
31.6501
31.6551
31.6601
31.6651
31.6701
31.6751
31.6801
31.6851
31.6901
31.6951
31.7001
31.7051
31.7101
31.7151
31.7201
31.7251
31.7301
31.7351
31.7401
31.7451
31.7501
31.7551
31.7601
31.7651
31.7701
31.7751
31.7801
31.7851
31.7901
31.7951
31.8001
31.8051
31.8101
31.8151
31.8201
31.8251
31.8301
31.8351
31.8401
31.8451
31.8501
31.8551
31.8601
31.8651
31.8701
31.8751
31.8801
31.8851
31.8901
31.8951
31.9001
31.9051
31.9101
31.9151
31.9201
31.9251
31.9301
31.9351
31.9401
31.9451
31.9501
31.9551
31.9601
31.9651
31.9701
31.9751
31.9801
31.9851
31.9901
31.9951
32.0001
32.0051
32.0101
32.015
32.0201
32.0251
32.0301
32.0351
32.0401
32.0451
32.0501
32.0551
32.0601
32.0651
32.0701
32.0751
32.0801
32.0851
32.0901
32.0951
32.1001
32.1051
32.1101
32.1151
32.1201
32.1251
32.1301
32.1351
32.1401
32.1451
32.1501
32.1551
32.1601
32.1651
32.1701
32.1751
32.1801
32.1851
32.1901
32.1951
32.2001
32.2051
32.2101
32.2151
32.2201
32.2251
32.2301
32.2351
32.2401
32.2451
32.2501
32.2551
32.2601
32.2651
32.27
32.2751
32.2801
32.2851
32.2901
32.2951
32.3001
32.3051
32.3101
32.3151
32.3201
32.3251
32.3301
32.3351
32.3401
32.3451
32.3501
32.3551
32.3601
32.3651
32.3701
32.3751
32.3802
32.3851
32.3901
32.3951
32.4001
32.4051
32.4101
32.4151
32.4201
32.4251
32.4301
32.4351
32.4401
32.4451
32.4501
32.4551
32.4601
32.4651
32.4701
32.4751
32.4801
32.4851
32.4901
32.4951
32.5001
32.5051
32.5101
32.5151
32.5201
32.5251
32.5301
32.5351
32.5401
32.5451
32.5501
32.5551
32.5601
32.5651
32.5701
32.5751
32.5801
32.5852
32.5902
32.5952
32.6001
32.6051
32.6101
32.6151
32.6201
32.6251
32.6301
32.6352
32.6401
32.6451
32.6501
32.6552
32.6601
32.6651
32.6701
32.6751
32.6801
32.6852
32.6901
32.6951
32.7001
32.7051
32.7101
32.7151
32.7201
32.7251
32.7301
32.7351
32.7401
32.7451
32.7501
32.7551
32.7601
32.7651
32.7701
32.7751
32.7801
32.7852
32.7901
32.7951
32.8001
32.8051
32.8101
32.8151
32.8201
32.8251
32.8301
32.8351
32.8401
32.8451
32.8501
32.8551
32.8601
32.8651
32.8701
32.8751
32.8801
32.8851
32.8901
32.8951
32.9001
32.9051
32.9101
32.9151
32.9201
32.9252
32.9301
32.9351
32.9401
32.9451
32.9501
32.9551
32.9601
32.9651
32.9701
32.9751
32.9801
32.9851
32.9901
32.9951
33.0001
33.0051
33.0101
33.015
33.0201
33.0251
33.0301
33.0351
33.0401
33.0451
33.0501
33.0551
33.0601
33.0651
33.0701
33.0751
33.0801
33.0851
33.0902
33.0952
33.1001
33.1052
33.1101
33.1151
33.1201
33.1251
33.1301
33.1351
33.1401
33.1451
33.1501
33.1551
33.1601
33.1651
33.1701
33.1751
33.1801
33.1851
33.1901
33.1951
33.2001
33.2051
33.2101
33.2151
33.2201
33.2251
33.2301
33.2351
33.2401
33.2451
33.2501
33.2551
33.2601
33.2651
33.2701
33.2751
33.2801
33.2851
33.2901
33.2952
33.3001
33.3051
33.3102
33.3152
33.3201
33.3251
33.3301
33.3351
33.3401
33.3451
33.3501
33.3551
33.3601
33.3651
33.3701
33.3751
33.3801
33.3851
33.3901
33.3951
33.4002
33.4051
33.4101
33.4152
33.4201
33.4251
33.4301
33.4351
33.4401
33.4451
33.4501
33.4551
33.4601
33.4651
33.4701
33.4751
33.4801
33.4851
33.4901
33.4951
33.5001
33.5051
33.5101
33.5151
33.5201
33.5251
33.5301
33.5351
33.5401
33.5451
33.5502
33.5551
33.5601
33.5651
33.5701
33.5751
33.5801
33.5851
33.5901
33.5951
33.6001
33.6051
33.6101
33.6151
33.6201
33.6251
33.6301
33.6351
33.6401
33.6451
33.6501
33.6551
33.6601
33.6651
33.6701
33.6751
33.6801
33.6852
33.6901
33.6951
33.7001
33.7051
33.7101
33.7151
33.7201
33.7251
33.7301
33.7351
33.7401
33.7451
33.7501
33.7551
33.7601
33.7651
33.7701
33.7752
33.7801
33.7851
33.7901
33.7951
33.8001
33.8051
33.8101
33.8151
33.8201
33.8252
33.8301
33.8351
33.8401
33.8451
33.8501
33.8551
33.8601
33.8651
33.8701
33.8751
33.8802
33.8851
33.8901
33.8951
33.9001
33.9051
33.9101
33.9151
33.9201
33.9251
33.9301
33.9351
33.9401
33.9451
33.9501
33.9551
33.9601
33.9651
33.9702
33.9751
33.9801
33.9851
33.9901
33.9951
34.0001
34.0051
34.0101
34.0151
34.0201
34.0251
34.0301
34.0351
34.0401
34.0451
34.0501
34.0551
34.0601
34.0651
34.0701
34.0751
34.0801
34.0851
34.0901
34.0951
34.1001
34.1051
34.1101
34.1151
34.1202
34.1251
34.1301
34.1351
34.1401
34.1451
34.1501
34.1551
34.1601
34.1651
34.1701
34.1751
34.1801
34.1851
34.1901
34.1951
34.2001
34.2051
34.2101
34.2152
34.2202
34.2251
34.2301
34.2351
34.2401
34.2451
34.2501
34.2551
34.2601
34.2651
34.2701
34.2751
34.2801
34.2851
34.2901
34.2951
34.3001
34.3051
34.3101
34.3151
34.3201
34.3251
34.3301
34.3351
34.3401
34.3451
34.3501
34.3551
34.3601
34.3651
34.3701
34.3751
34.3801
34.3851
34.3901
34.3951
34.4001
34.4051
34.4101
34.4151
34.4201
34.4251
34.4301
34.4351
34.4401
34.4451
34.4501
34.4551
34.4601
34.4651
34.4701
34.4751
34.4801
34.4851
34.4901
34.4951
34.5001
34.5051
34.5101
34.5151
34.5201
34.5251
34.5301
34.5351
34.5401
34.5451
34.5501
34.5551
34.5601
34.5651
34.5701
34.5751
34.5801
34.5851
34.5901
34.5951
34.6001
34.6051
34.6101
34.6151
34.6201
34.6251
34.6302
34.6351
34.6401
34.6451
34.6501
34.6552
34.6601
34.6651
34.6701
34.6751
34.6801
34.6851
34.6901
34.6951
34.7001
34.7051
34.7101
34.7151
34.7201
34.7251
34.7301
34.7351
34.7401
34.7451
34.7501
34.7551
34.7601
34.7651
34.7701
34.7751
34.7801
34.7851
34.7901
34.7951
34.8001
34.8051
34.8101
34.8151
34.8201
34.8251
34.8301
34.8351
34.8401
34.8451
34.8501
34.8551
34.8601
34.8651
34.8701
34.8751
34.8801
34.8851
34.8901
34.8951
34.9001
34.9051
34.9101
34.9151
34.9201
34.9251
34.9301
34.9351
34.9401
34.9451
34.9501
34.9551
34.9601
34.9651
34.9701
34.9751
34.9801
34.9851
34.9901
34.9951
35.0001
35.0051
35.0101
35.0151
35.0201
35.0251
35.0301
35.0351
35.0401
35.0451
35.0501
35.0551
35.0601
35.0651
35.0701
35.0752
35.0801
35.0851
35.0901
35.0952
35.1001
35.1051
35.1101
35.1152
35.1201
35.1251
35.1301
35.135
35.1401
35.1451
35.1501
35.1551
35.1601
35.1652
35.1701
35.1751
35.1801
35.1851
35.1901
35.1951
35.2001
35.2051
35.2101
35.2151
35.2201
35.2251
35.2301
35.2351
35.2401
35.2451
35.2501
35.2551
35.2601
35.2651
35.2701
35.2751
35.2801
35.2851
35.2901
35.2951
35.3001
35.3051
35.3101
35.3151
35.3201
35.3251
35.3301
35.3351
35.3401
35.3451
35.3501
35.3551
35.3601
35.3651
35.3701
35.3751
35.3802
35.3851
35.3901
35.3951
35.4001
35.4051
35.41
35.4151
35.4201
35.4251
35.4301
35.4351
35.4401
35.4451
35.4501
35.4551
35.4601
35.4651
35.4701
35.4751
35.4801
35.4851
35.4902
35.4952
35.5001
35.5051
35.5101
35.5151
35.5201
35.5251
35.5301
35.5351
35.5401
35.5451
35.5501
35.5551
35.5602
35.5651
35.5701
35.5751
35.5801
35.5851
35.5901
35.5951
35.6001
35.6051
35.6101
35.6151
35.6201
35.6251
35.6301
35.6351
35.6401
35.645
35.6501
35.6551
35.6601
35.6651
35.6701
35.6751
35.6801
35.6851
35.6901
35.6951
35.7001
35.7051
35.7101
35.7151
35.7201
35.7251
35.7301
35.7351
35.7402
35.7451
35.7501
35.7552
35.7601
35.7652
35.7701
35.7751
35.7801
35.7851
35.7901
35.7951
35.8001
35.8051
35.8101
35.8151
35.8201
35.825
35.83
35.8351
35.8401
35.8451
35.8501
35.8551
35.8601
35.8652
35.8701
35.8751
35.8801
35.8851
35.8901
35.8951
35.9001
35.9051
35.9101
35.9151
35.9201
35.9251
35.9301
35.9351
35.9401
35.9451
35.9501
35.9551
35.9601
35.9651
35.9701
35.9751
35.9801
35.9852
35.9901
35.9951
36.0001
36.0051
36.0101
36.0152
36.0201
36.0251
36.0301
36.0351
36.0401
36.0451
36.0501
36.0551
36.0601
36.0651
36.0701
36.0751
36.0801
36.0851
36.0901
36.0951
36.1001
36.1051
36.1101
36.1151
36.1201
36.1251
36.1301
36.1351
36.1401
36.1451
36.1501
36.1551
36.1601
36.1652
36.1701
36.1751
36.1801
36.1851
36.1901
36.1951
36.2001
36.2051
36.2101
36.2151
36.2201
36.2251
36.2301
36.2351
36.2401
36.2451
36.2501
36.2551
36.2601
36.2651
36.2701
36.2751
36.2801
36.2851
36.2901
36.2951
36.3001
36.3051
36.3101
36.3151
36.3201
36.3251
36.3301
36.3351
36.3401
36.3451
36.3501
36.3551
36.3601
36.3652
36.3701
36.3751
36.3801
36.3852
36.3901
36.3951
36.4001
36.4051
36.4101
36.4151
36.4201
36.4251
36.4301
36.4351
36.4401
36.4451
36.4501
36.4551
36.4601
36.4651
36.4701
36.4752
36.4801
36.4852
36.4901
36.4951
36.5001
36.5051
36.5101
36.5151
36.5201
36.5251
36.5301
36.5351
36.5401
36.5451
36.5501
36.5551
36.5601
36.5651
36.5701
36.5751
36.5801
36.5851
36.5901
36.5951
36.6001
36.6051
36.6101
36.6151
36.6201
36.6251
36.6301
36.6351
36.6401
36.6451
36.6501
36.6551
36.6601
36.6651
36.6701
36.6751
36.6801
36.6851
36.6901
36.6951
36.7001
36.7051
36.7101
36.7151
36.7201
36.7251
36.7301
36.7351
36.7402
36.7451
36.7501
36.7551
36.7601
36.7651
36.7701
36.7751
36.7801
36.7851
36.7901
36.7951
36.8001
36.8051
36.8102
36.8151
36.8201
36.8251
36.8301
36.8351
36.8401
36.8451
36.8501
36.8551
36.8601
36.8651
36.8701
36.8751
36.8801
36.8851
36.8901
36.8951
