0.260241
0.265174
0.270111
0.27514
0.280152
0.285129
0.290105
0.295092
0.300093
0.305102
0.310075
0.315086
0.320087
0.325085
0.330101
0.335081
0.340085
0.345116
0.350092
0.355113
0.360089
0.365131
0.370047
0.375194
0.380028
0.385086
0.39007
0.395081
0.400082
0.405092
0.410074
0.415079
0.420082
0.425114
0.430098
0.435082
0.440086
0.445092
0.450076
0.455115
0.460099
0.465076
0.470116
0.475075
0.480075
0.485081
0.490072
0.495098
0.500083
0.50511
0.510125
0.515128
0.520122
0.525125
0.530123
0.535104
0.540085
0.545073
0.55008
0.555097
0.560099
0.565099
0.57008
0.575183
0.580094
0.585137
0.590142
0.595124
0.600144
0.605107
0.610107
0.615096
0.620114
0.62511
0.630112
0.635102
0.64011
0.64508
0.650086
0.655088
0.660093
0.665085
0.670135
0.67511
0.680175
0.685128
0.690129
0.695128
0.700128
0.705116
0.710112
0.715086
0.72009
0.725099
0.730083
0.735206
0.740119
0.74516
0.75008
0.755074
0.760081
0.765077
0.770123
0.775076
0.780085
0.785127
0.790087
0.795163
0.800179
0.80513
0.810095
0.815115
0.820112
0.825099
0.830095
0.835121
0.840125
0.845122
0.850113
0.855114
0.86009
0.865143
0.870096
0.875123
0.880121
0.88514
0.890136
0.895159
0.900127
0.905137
0.910106
0.915094
0.920103
0.925094
0.930079
0.935122
0.940151
0.945142
0.950127
0.955111
0.960084
0.965145
0.970096
0.975133
0.980136
0.985159
0.990122
0.995115
1.00011
1.00511
1.0101
1.01511
1.0201
1.0251
1.0301
1.03511
1.04009
1.04509
1.05021
1.05511
1.06011
1.06511
1.07009
1.07508
1.08015
1.0851
1.09013
1.09508
1.10013
1.10509
1.11009
1.1151
1.12015
1.12511
1.13011
1.1351
1.1401
1.14511
1.15011
1.15511
1.16017
1.16512
1.17015
1.17513
1.18012
1.18512
1.19018
1.1951
1.20009
1.20509
1.21008
1.21511
1.22015
1.22509
1.23011
1.23507
1.24012
1.24509
1.2501
1.25516
1.2602
1.26516
1.27015
1.27514
1.28013
1.28518
1.2901
1.29516
1.30014
1.30511
1.31015
1.31514
1.32013
1.32521
1.33009
1.33511
1.34009
1.34511
1.35012
1.35509
1.36011
1.36514
1.3701
1.3751
1.3801
1.38511
1.39012
1.39511
1.40015
1.40513
1.41008
1.41511
1.42012
1.42513
1.43016
1.43515
1.44014
1.4451
1.45009
1.45511
1.46013
1.46511
1.47009
1.47511
1.4801
1.48512
1.4901
1.49511
1.50009
1.50516
1.51011
1.51511
1.52012
1.52509
1.53004
1.53509
1.54006
1.54513
1.55008
1.55508
1.56015
1.56512
1.57018
1.57509
1.58014
1.58509
1.59009
1.59511
1.60009
1.60511
1.61012
1.61514
1.62015
1.62517
1.63013
1.63515
1.64015
1.64516
1.65009
1.65511
1.6601
1.66511
1.67011
1.67511
1.68012
1.68513
1.69011
1.69517
1.70008
1.70509
1.71013
1.71509
1.72009
1.7251
1.7301
1.73508
1.7401
1.74514
1.75014
1.75512
1.76015
1.76511
1.77014
1.77513
1.78013
1.78513
1.79008
1.79514
1.80011
1.80511
1.81008
1.81514
1.82013
1.82509
1.83009
1.83517
1.84009
1.8451
1.85011
1.85509
1.8601
1.86509
1.87013
1.87507
1.88011
1.88515
1.89012
1.89515
1.90011
1.90515
1.91012
1.91509
1.9202
1.92512
1.9301
1.93511
1.9401
1.94514
1.95012
1.95515
1.96015
1.96516
1.97012
1.97513
1.98015
1.98517
1.99015
1.99517
2.00024
2.00516
2.01014
2.01515
2.02022
2.02515
2.03016
2.03516
2.04013
2.04514
2.05013
2.05511
2.06012
2.06513
2.07011
2.07515
2.08013
2.08511
2.09015
2.09514
2.10014
2.10512
2.11013
2.11512
2.1201
2.12514
2.13013
2.1351
2.14014
2.14513
2.15013
2.15507
2.16011
2.16513
2.17016
2.17513
2.18012
2.18509
2.1901
2.1951
2.20009
2.20509
2.2101
2.21513
2.22014
2.22517
2.23016
2.23513
2.24014
2.24512
2.25013
2.25511
2.26012
2.26511
2.27012
2.2751
2.28012
2.2851
2.29012
2.29512
2.30013
2.3051
2.31015
2.31512
2.32012
2.32512
2.33018
2.33512
2.3401
2.34512
2.35016
2.35514
2.36008
2.36511
2.3701
2.37512
2.3801
2.38513
2.3901
2.39511
2.4001
2.40511
2.4101
2.4151
2.42011
2.42515
2.4301
2.43516
2.44011
2.44513
2.45013
2.45513
2.46012
2.46511
2.47011
2.47509
2.4801
2.4851
2.4901
2.49513
2.50008
2.5051
2.51014
2.5151
2.52015
2.52517
2.53013
2.53519
2.54017
2.54511
2.5501
2.5551
2.5601
2.56513
2.57012
2.57514
2.5801
2.58511
2.59014
2.5951
2.6001
2.60511
2.61006
2.61512
2.62012
2.62511
2.63011
2.6351
2.64021
2.64517
2.65014
2.65512
2.66015
2.66514
2.67014
2.67511
2.68015
2.68512
2.69012
2.69511
2.70011
2.70515
2.7101
2.71511
2.7201
2.7251
2.73008
2.73511
2.74009
2.74512
2.75016
2.75511
2.76013
2.76511
2.77014
2.77511
2.7801
2.78511
2.79012
2.7951
2.80011
2.80511
2.81012
2.81511
2.82017
2.8251
2.83008
2.8351
2.84012
2.84513
2.85012
2.8551
2.86011
2.8651
2.87011
2.87511
2.88011
2.8851
2.89014
2.8951
2.90012
2.90511
2.91011
2.91511
2.92012
2.92511
2.93011
2.93504
2.94011
2.94514
2.95012
2.95513
2.96007
2.96513
2.97011
2.97511
2.98009
2.98511
2.9901
2.99515
3.0001
3.0051
3.01012
3.01519
3.02013
3.02513
3.03019
3.03513
3.04009
3.0451
3.05019
3.05514
3.06009
3.0651
3.07017
3.07511
3.08013
3.08515
3.09015
3.09514
3.1001
3.10509
3.11009
3.1151
3.12012
3.12511
3.1301
3.13511
3.14011
3.14518
3.1501
3.15514
3.16009
3.1651
3.17008
3.17509
3.18012
3.18512
3.1901
3.19508
3.2001
3.20509
3.2101
3.21513
3.22013
3.22515
3.23016
3.23513
3.24012
3.24515
3.25011
3.25518
3.26016
3.26514
3.27014
3.27512
3.28011
3.28513
3.2901
3.29512
3.30012
3.30511
3.3101
3.3151
3.32013
3.3251
3.33013
3.33511
3.34013
3.34512
3.35012
3.35511
3.36017
3.36511
3.3701
3.37513
3.3801
3.3851
3.39012
3.39511
3.40011
3.40511
3.41012
3.41511
3.42015
3.42515
3.43014
3.43513
3.44013
3.44512
3.45009
3.45511
3.46009
3.46512
3.47014
3.47508
3.48007
3.48509
3.4901
3.49508
3.50013
3.50509
3.51012
3.5151
3.52009
3.5251
3.53009
3.53513
3.54011
3.54509
3.55012
3.55509
3.56011
3.56507
3.57016
3.57511
3.58011
3.58511
3.5901
3.59512
3.60011
3.60512
3.61008
3.61513
3.62014
3.62508
3.63012
3.6351
3.64011
3.64518
3.6501
3.65513
3.66012
3.66511
3.67018
3.67516
3.68012
3.68514
3.6901
3.69511
3.70009
3.7051
3.7101
3.71511
3.7201
3.72509
3.7301
3.7351
3.74007
3.74511
3.75015
3.7551
3.76013
3.76515
3.7701
3.77514
3.78009
3.78511
3.79009
3.79509
3.80013
3.80514
3.81009
3.8151
3.8201
3.82508
3.83009
3.83515
3.8401
3.8451
3.85014
3.85511
3.8601
3.8651
3.8701
3.8751
3.88011
3.88511
3.89013
3.89514
3.9001
3.90512
3.91018
3.9151
3.92012
3.92512
3.93012
3.93511
3.94011
3.94517
3.95011
3.95511
3.9601
3.96508
3.97013
3.97511
3.98016
3.98514
3.9901
3.9951
4.0001
4.0051
4.01011
4.0151
4.02011
4.02513
4.0301
4.0351
4.04009
4.0451
4.05011
4.05515
4.06014
4.06511
4.07011
4.07513
4.08017
4.08514
4.09014
4.09512
4.10012
4.10512
4.11011
4.11512
4.12013
4.12511
4.13012
4.13509
4.14015
4.14512
4.15014
4.1551
4.16014
4.1651
4.17011
4.17512
4.18012
4.18516
4.19011
4.19512
4.20009
4.20515
4.2101
4.2151
4.2201
4.22511
4.23013
4.23508
4.24009
4.24511
4.25011
4.25511
4.26014
4.26512
4.2701
4.27511
4.28011
4.28511
4.29013
4.2951
4.30011
4.30509
4.31012
4.31511
4.32011
4.32512
4.33012
4.33509
4.34011
4.34511
4.35015
4.35511
4.36009
4.36511
4.37009
4.37515
4.38009
4.38515
4.39013
4.39509
4.40014
4.40514
4.41015
4.41508
4.42009
4.42509
4.43007
4.43514
4.4401
4.44512
4.4501
4.45511
4.46012
4.46512
4.47013
4.47511
4.48014
4.4851
4.49016
4.49511
4.50009
4.50511
4.51011
4.51511
4.52009
4.52514
4.53014
4.53519
4.5401
4.54511
4.55011
4.55517
4.56012
4.56512
4.57015
4.5751
4.58011
4.58511
4.59017
4.59511
4.60012
4.60514
4.61012
4.6151
4.62009
4.6251
4.63011
4.63512
4.64011
4.64512
4.65015
4.65513
4.66014
4.66509
4.6701
4.67509
4.68008
4.68509
4.69012
4.69515
4.70016
4.70508
4.71009
4.71512
4.7201
4.72513
4.73012
4.73512
4.74012
4.74513
4.75011
4.7551
4.76009
4.76511
4.7701
4.77514
4.78011
4.78509
4.79014
4.79526
4.80014
4.80513
4.81012
4.81513
4.82013
4.82515
4.83017
4.83511
4.84011
4.84509
4.8501
4.85512
4.86009
4.86511
4.8701
4.87509
4.88009
4.8851
4.89011
4.89509
4.90013
4.90513
4.91012
4.91509
4.92009
4.92511
4.93011
4.9351
4.9401
4.94511
4.95006
4.95513
4.96006
4.96512
4.9701
4.9751
4.9801
4.98508
4.99009
4.9951
5.00014
5.00509
5.01014
5.01516
5.0201
5.0251
5.03011
5.03511
5.04014
5.04511
5.05012
5.0551
5.06011
5.06511
5.07011
5.07509
5.08011
5.08511
5.09012
5.09509
5.1001
5.10513
5.11013
5.1151
5.12011
5.12509
5.13015
5.13514
5.14015
5.1451
5.15014
5.15509
5.16011
5.16511
5.1701
5.1751
5.1801
5.1851
5.19014
5.19514
5.20014
5.20516
5.21015
5.21512
5.22008
5.22521
5.23009
5.23509
5.2401
5.24506
5.25009
5.25509
5.26011
5.2651
5.2701
5.27514
5.28012
5.28517
5.29008
5.29511
5.30013
5.30511
5.31016
5.31511
5.3201
5.32509
5.33013
5.33509
5.34013
5.3451
5.35011
5.35512
5.36012
5.36514
5.37014
5.37512
5.38009
5.3851
5.3901
5.39511
5.40009
5.4051
5.41016
5.4151
5.4201
5.4251
5.43015
5.4351
5.4401
5.44516
5.4501
5.45511
5.46013
5.46511
5.47009
5.47511
5.48007
5.48514
5.49009
5.4951
5.50006
5.50509
5.51008
5.51518
5.52018
5.52513
5.53014
5.53516
5.54011
5.5451
5.55011
5.55512
5.56015
5.56515
5.57014
5.57512
5.58011
5.58512
5.59012
5.59512
5.60008
5.6051
5.6101
5.61509
5.62014
5.6251
5.63014
5.63513
5.64014
5.64509
5.65014
5.65514
5.66013
5.66511
5.67016
5.67514
5.6801
5.68509
5.69012
5.69515
5.70013
5.70515
5.71011
5.7151
5.72009
5.72514
5.73013
5.73513
5.74015
5.74512
5.7501
5.7551
5.76014
5.76511
5.77016
5.77512
5.78014
5.7851
5.7901
5.79508
5.80016
5.80509
5.81011
5.81507
5.8201
5.82511
5.83014
5.83513
5.84012
5.84513
5.85012
5.8551
5.8601
5.86513
5.87011
5.87514
5.88012
5.88514
5.89012
5.89509
5.90011
5.90511
5.91012
5.91512
5.92011
5.92512
5.9301
5.93513
5.94013
5.94509
5.95009
5.95511
5.96013
5.96509
5.9701
5.97513
5.98011
5.98509
5.99009
5.99512
6.00014
6.00515
6.01012
6.01513
6.02011
6.02513
6.03014
6.03519
6.04012
6.04514
6.0501
6.05509
6.06008
6.06511
6.07009
6.0751
6.08009
6.08512
6.0901
6.09514
6.10012
6.10515
6.11008
6.1151
6.12012
6.12511
6.13011
6.13512
6.14016
6.1451
6.15013
6.15511
6.16011
6.16508
6.17013
6.17512
6.18008
6.1851
6.19012
6.1951
6.2001
6.2051
6.21011
6.21509
6.2201
6.22511
6.23008
6.23508
6.2401
6.24513
6.25011
6.25509
6.26011
6.26512
6.2701
6.27511
6.2801
6.28511
6.29012
6.29514
6.30014
6.30512
6.31009
6.31514
6.32011
6.32508
6.33011
6.33511
6.34009
6.34508
6.35012
6.35511
6.36009
6.36513
6.3701
6.37513
6.3801
6.38512
6.39016
6.3951
6.4001
6.40512
6.4101
6.41509
6.42011
6.42511
6.43011
6.43511
6.44012
6.4451
6.45013
6.45511
6.46011
6.46509
6.47011
6.47512
6.48009
6.48511
6.49011
6.49512
6.50012
6.5051
6.51011
6.51511
6.52009
6.52511
6.53011
6.53509
6.54013
6.54511
6.55016
6.5551
6.5601
6.5651
6.57013
6.57507
6.58009
6.58511
6.59008
6.59511
6.60011
6.60512
6.61009
6.61509
6.62014
6.62511
6.63008
6.6351
6.64016
6.64511
6.6501
6.65516
6.66009
6.66514
6.6701
6.67511
6.6801
6.68517
6.6901
6.69513
6.70009
6.70511
6.71011
6.71508
6.72013
6.72512
6.7301
6.73514
6.74015
6.74515
6.75019
6.75509
6.76014
6.76512
6.7701
6.77511
6.7801
6.7851
6.79009
6.79511
6.80012
6.8051
6.81013
6.81512
6.8201
6.82509
6.83011
6.83511
6.84009
6.8451
6.85012
6.85509
6.86014
6.8651
6.8701
6.87511
6.8801
6.8851
6.89012
6.8951
6.90011
6.90513
6.91011
6.91509
6.92012
6.9251
6.93008
6.9351
6.94011
6.94519
6.95013
6.95512
6.96018
6.9651
6.9701
6.97508
6.98015
6.98509
6.99016
6.99512
7.00016
7.00509
7.01014
7.01512
7.0201
7.02511
7.03015
7.03512
7.04014
7.04514
7.05014
7.05511
7.06013
7.06522
7.07011
7.07509
7.08009
7.08512
7.09011
7.0951
7.10011
7.10512
7.1101
7.11511
7.12015
7.12511
7.13012
7.13512
7.14012
7.14512
7.15009
7.15513
7.16012
7.16512
7.17013
7.17511
7.1801
7.1851
7.19014
7.19509
7.20009
7.20512
7.21013
7.21514
7.22009
7.22513
7.2301
7.23512
7.24009
7.24511
7.25013
7.25515
7.2601
7.26515
7.27015
7.27516
7.28009
7.28511
7.29007
7.29512
7.30013
7.30512
7.31011
7.31513
7.32011
7.32508
7.3301
7.3351
7.34014
7.3451
7.35012
7.35511
7.3601
7.3651
7.3701
7.37515
7.38011
7.38509
7.39012
7.39509
7.4001
7.40511
7.41012
7.4151
7.4201
7.42511
7.4301
7.43509
7.4401
7.44509
7.45012
7.4551
7.46011
7.4651
7.4701
7.4751
7.48018
7.4851
7.49012
7.49523
7.50016
7.50509
7.51011
7.51511
7.5201
7.52509
7.53011
7.5351
7.54009
7.54509
7.5501
7.5551
7.56011
7.56509
7.57011
7.5751
7.58018
7.58505
7.59015
7.59508
7.60018
7.60518
7.61016
7.61515
7.62016
7.62514
7.63014
7.63514
7.64016
7.64511
7.65011
7.65512
7.66011
7.66509
7.67009
7.67509
7.6801
7.68512
7.69011
7.69514
7.70012
7.70515
7.71013
7.71511
7.72008
7.72509
7.73006
7.7351
7.74009
7.74509
7.75011
7.7551
7.7601
7.76515
7.77009
7.77512
7.7801
7.78507
7.79011
7.79513
7.8001
7.80511
7.81009
7.81509
7.82012
7.82514
7.83009
7.83509
7.84009
7.84511
7.85009
7.85511
7.86009
7.8651
7.87009
7.87511
7.8801
7.8851
7.89013
7.8951
7.9001
7.9051
7.91007
7.9151
7.92011
7.92511
7.93012
7.93509
7.94012
7.94512
7.95009
7.95511
7.9601
7.96508
7.97011
7.97514
7.98015
7.98512
7.9902
7.99513
8.00013
8.00512
8.01014
8.01513
8.02015
8.0251
8.03009
8.03508
8.04011
8.04511
8.05011
8.05509
8.0601
8.0651
8.07008
8.0751
8.08011
8.08511
8.09012
8.09512
8.10011
8.10511
8.11014
8.11509
8.12012
8.12512
8.13012
8.13509
8.14012
8.1451
8.15012
8.15512
8.16011
8.16508
8.17011
8.17509
8.18009
8.18504
8.19011
8.19513
8.2001
8.20511
8.21015
8.21511
8.2201
8.22513
8.23016
8.2351
8.24014
8.24509
8.25009
8.25513
8.2601
8.2651
8.27009
8.2751
8.28009
8.2851
8.2901
8.29515
8.30011
8.30508
8.3101
8.31511
8.3201
8.32511
8.33009
8.33508
8.34011
8.34514
8.35012
8.3551
8.3601
8.3651
8.37009
8.37511
8.38009
8.3851
8.39017
8.39517
8.4001
8.40512
8.41013
8.41511
8.4201
8.42511
8.43009
8.43511
8.4401
8.44509
8.45012
8.45511
8.46011
8.4651
8.4701
8.4751
8.48011
8.48509
8.4901
8.49508
8.50012
8.50511
8.51012
8.51511
8.52009
8.52513
8.53011
8.53507
8.5401
8.5451
8.55011
8.55512
8.56011
8.56511
8.57012
8.57509
8.58008
8.58511
8.59008
8.5951
8.60012
8.60514
8.61011
8.61509
8.62012
8.62509
8.63014
8.6351
8.64012
8.6451
8.6501
8.65514
8.66012
8.66509
8.67008
8.67509
8.6801
8.68508
8.6901
8.69509
8.70013
8.70509
8.71011
8.71507
8.7201
8.7251
8.7301
8.7351
8.74011
8.7451
8.75012
8.75508
8.76014
8.76509
8.77009
8.77506
8.78012
8.78507
8.79012
8.79512
8.80015
8.8051
8.81012
8.81512
8.8201
8.82508
8.83013
8.8351
8.84012
8.84512
8.85012
8.85512
8.86011
8.86513
8.87014
8.87517
8.88012
8.88518
8.89014
8.89513
8.90016
8.90515
8.91012
8.91514
8.92012
8.92514
8.93016
8.93511
8.94012
8.94512
8.95012
8.9551
8.9601
8.96514
8.97013
8.9751
8.98012
8.9851
8.99011
8.99513
9.00017
9.00513
9.0101
9.01512
9.02008
9.02511
9.03011
9.03508
9.04009
9.04508
9.05009
9.05509
9.06008
9.06513
9.07009
9.07511
9.08004
9.08511
9.09011
9.09514
9.10018
9.10516
9.1101
9.11512
9.12012
9.1251
9.13011
9.1351
9.14011
9.1451
9.15008
9.15512
9.16011
9.1651
9.17011
9.17512
9.18011
9.18511
9.19011
9.19511
9.2001
9.20517
9.21012
9.21512
9.22014
9.2251
9.2301
9.2351
9.24009
9.2451
9.25011
9.25508
9.2601
9.26511
9.27007
9.2751
9.28011
9.28511
9.2901
9.2951
9.3001
9.30509
9.31018
9.31511
9.32017
9.32507
9.33014
9.33513
9.34013
9.34512
9.35014
9.35516
9.3601
9.36509
9.37012
9.37508
9.38011
9.38509
9.39011
9.39512
9.40011
9.40511
9.41012
9.41514
9.42011
9.42513
9.43009
9.43511
9.44011
9.4451
9.4501
9.45514
9.46011
9.46511
9.4701
9.47511
9.48011
9.4851
9.49015
9.49509
9.50008
9.50512
9.51009
9.51514
9.52008
9.52511
9.53013
9.53511
9.5401
9.54512
9.5501
9.55514
9.56013
9.56516
9.57011
9.5751
9.5801
9.58509
9.59008
9.59509
9.60009
9.60511
9.61009
9.61509
9.62014
9.62509
9.63015
9.63509
9.64011
9.64511
9.6501
9.65511
9.66011
9.66509
9.67004
9.67511
9.68008
9.68515
9.69015
9.69516
9.70013
9.70511
9.71012
9.71509
9.72017
9.72512
9.73012
9.73508
9.74012
9.74511
9.75012
9.75514
9.76015
9.76513
9.77015
9.77514
9.78015
9.78512
9.79012
9.7952
9.80013
9.80514
9.81012
9.81513
9.82018
9.82508
9.8301
9.83511
9.8401
9.84509
9.85011
9.8551
9.86012
9.86509
9.8701
9.87511
9.8801
9.8851
9.89011
9.89508
9.90011
9.90512
9.9101
9.91509
9.92011
9.92512
9.93008
9.93514
9.94011
9.94511
9.95009
9.95509
9.96011
9.96515
9.9701
9.97509
9.9801
9.98508
9.99012
9.99515
10.0001
10.0051
10.0101
10.0151
10.0201
10.0251
10.0301
10.0351
10.0401
10.0451
10.0501
10.0551
10.0601
10.0651
10.0701
10.0751
10.0801
10.0851
10.0901
10.0951
10.1001
10.1051
10.1101
10.1151
10.1202
10.1252
10.1301
10.1351
10.1401
10.1451
10.1501
10.1551
10.1601
10.1651
10.1701
10.1751
10.1801
10.1852
10.1901
10.1951
10.2001
10.2051
10.2101
10.2151
10.2201
10.2251
10.2301
10.2351
10.2401
10.2451
10.2501
10.2551
10.2601
10.2652
10.2701
10.2751
10.2801
10.2851
10.2901
10.2951
10.3001
10.3051
10.3101
10.3151
10.3201
10.3251
10.3302
10.3351
10.3401
10.3451
10.3501
10.3551
10.3601
10.3651
10.3701
10.3751
10.3801
10.3851
10.3901
10.3951
10.4001
10.4051
10.4101
10.4151
10.4201
10.4251
10.4302
10.4351
10.4401
10.4451
10.4501
10.4551
10.4601
10.4652
10.4701
10.4751
10.4801
10.4851
10.4901
10.4951
10.5001
10.5051
10.5101
10.5151
10.5201
10.5251
10.5301
10.5352
10.5401
10.5451
10.5501
10.5551
10.5601
10.5651
10.5701
10.5751
10.5802
10.5851
10.5902
10.5951
10.6001
10.6051
10.6102
10.6151
10.6201
10.6252
10.6301
10.6351
10.6402
10.6451
10.6501
10.6551
10.6601
10.6651
10.6701
10.6751
10.6801
10.6851
10.6901
10.6951
10.7001
10.7051
10.7101
10.7151
10.7201
10.7251
10.7302
10.7351
10.7401
10.7452
10.7501
10.7551
10.7601
10.7651
10.7701
10.7751
10.7801
10.7852
10.7901
10.7951
10.8001
10.8051
10.8101
10.8151
10.8201
10.8251
10.8301
10.8351
10.8401
10.8452
10.8501
10.8551
10.8601
10.8651
10.8701
10.8751
10.8801
10.8851
10.8901
10.8951
10.9001
10.9051
10.9101
10.9151
10.9201
10.9251
10.9301
10.9351
10.9401
10.9452
10.9501
10.9551
10.9601
10.9651
10.9701
10.9752
10.9801
10.9851
10.9901
10.9951
11.0001
11.0051
11.0101
11.0151
11.0201
11.0251
11.0301
11.0351
11.0401
11.0451
11.0501
11.0551
11.0601
11.0651
11.0701
11.0751
11.0801
11.0851
11.0901
11.0951
11.1001
11.1051
11.1101
11.1151
11.1201
11.1252
11.1301
11.1351
11.1401
11.1451
11.1501
11.1551
11.1601
11.1651
11.1701
11.1751
11.1801
11.1851
11.1901
11.1951
11.2001
11.2051
11.2101
11.2151
11.2201
11.2251
11.2301
11.2351
11.2401
11.2451
11.2501
11.2551
11.2601
11.2651
11.2701
11.2751
11.2802
11.2851
11.2901
11.2951
11.3001
11.3051
11.3101
11.3151
11.3201
11.3251
11.3301
11.3351
11.3401
11.3451
11.3501
11.3551
11.3601
11.3651
11.3701
11.3751
11.3801
11.3851
11.3901
11.3951
11.4001
11.4051
11.4101
11.4151
11.4201
11.4251
11.4301
11.4351
11.4401
11.4452
11.4501
11.4551
11.4601
11.4651
11.4701
11.4751
11.4801
11.4851
11.4901
11.4951
11.5001
11.5051
11.5101
11.5151
11.5201
11.5251
11.5301
11.5352
11.54
11.5451
11.5501
11.5551
11.5601
11.5651
11.5701
11.5751
11.5801
11.5852
11.5902
11.5951
11.6001
11.6051
11.6101
11.6151
11.6201
11.6251
11.6301
11.6351
11.6401
11.6451
11.6501
11.6551
11.6602
11.6651
11.6701
11.6751
11.6801
11.6851
11.6901
11.6951
11.7001
11.7052
11.7101
11.7151
11.7201
11.7251
11.7301
11.7351
11.7401
11.7451
11.7501
11.7551
11.7601
11.7652
11.7701
11.7751
11.7801
11.7851
11.7901
11.7951
11.8002
11.8051
11.8101
11.8151
11.8201
11.8251
11.8301
11.8351
11.8401
11.8451
11.8501
11.8551
11.8601
11.8651
11.8702
11.8752
11.8801
11.885
11.8901
11.8951
11.9001
11.9051
11.9101
11.9151
11.9201
11.9251
11.9301
11.9351
11.9401
11.9452
11.9501
11.9551
11.9601
11.9651
11.9701
11.9751
11.9801
11.9851
11.9901
11.9951
12.0001
12.0051
12.0101
12.0151
12.0201
12.0251
12.0301
12.0351
12.0402
12.0451
12.0501
12.0551
12.0601
12.0652
12.0701
12.0752
12.0801
12.0851
12.0901
12.0951
12.1001
12.1051
12.1101
12.1151
12.1201
12.1252
12.1301
12.1351
12.1401
12.1451
12.1501
12.1552
12.1601
12.1651
12.1701
12.1753
12.1801
12.1851
12.1901
12.1951
12.2001
12.2051
12.2101
12.2151
12.22
12.2251
12.2302
12.2351
12.2401
12.2451
12.2502
12.2551
12.2601
12.2651
12.2702
12.2752
12.2802
12.2851
12.2901
12.2951
12.3001
12.3051
12.3101
12.3151
12.3201
12.3251
12.3301
12.3351
12.3401
12.3451
12.3501
12.3551
12.3601
12.3651
12.3701
12.3751
12.3801
12.3851
12.3901
12.3951
12.4001
12.4051
12.4101
12.4151
12.4201
12.4251
12.4301
12.4351
12.4401
12.4451
12.4501
12.4551
12.4601
12.4651
12.4701
12.4751
12.4801
12.485
12.4902
12.4951
12.5001
12.5051
12.5101
12.5151
12.5201
12.525
12.5301
12.5351
12.5401
12.5451
12.5501
12.5551
12.5601
12.5651
12.5701
12.5751
12.5801
12.5851
12.5901
12.5951
12.6001
12.6051
12.6101
12.6151
12.6201
12.6251
12.6301
12.6351
12.6401
12.6451
12.6501
12.6551
12.6601
12.6651
12.6701
12.6751
12.6801
12.6851
12.6902
12.6951
12.7001
12.7051
12.7101
12.7151
12.7201
12.7251
12.7301
12.7351
12.7401
12.7451
12.7501
12.7551
12.7601
12.7651
12.7701
12.7751
12.7801
12.7851
12.7901
12.7951
12.8001
12.8052
12.8101
12.8151
12.8201
12.8251
12.8301
12.8351
12.8401
12.8451
12.8501
12.8551
12.8601
12.8651
12.8701
12.8751
12.8801
12.8851
12.8901
12.8951
12.9001
12.9051
12.9101
12.9151
12.9201
12.9251
12.9301
12.9351
12.9401
12.9451
12.9501
12.9551
12.9601
12.9651
12.9701
12.9751
12.9801
12.9851
12.9901
12.9951
13.0001
13.0051
13.0101
13.0151
13.0201
13.0251
13.0301
13.0351
13.0401
13.0451
13.0501
13.0551
13.0601
13.0651
13.0701
13.0751
13.0801
13.0851
13.0901
13.0951
13.1001
13.1051
13.1101
13.1151
13.1201
13.1251
13.1302
13.1351
13.1401
13.1451
13.1501
13.1551
13.1601
13.1651
13.1702
13.1751
13.1801
13.1851
13.1901
13.1951
13.2001
13.2051
13.2101
13.2152
13.2201
13.2251
13.2302
13.2351
13.2401
13.2451
13.2501
13.2551
13.2601
13.2651
13.2701
13.2751
13.2801
13.2851
13.2901
13.2951
13.3001
13.3051
13.3101
13.3151
13.3201
13.3251
13.3301
13.3351
13.3401
13.3451
13.3501
13.3551
13.3601
13.3651
13.3701
13.3751
13.3801
13.3851
13.3901
13.3951
13.4001
13.4051
13.4101
13.4151
13.4201
13.4251
13.4301
13.4351
13.4401
13.4451
13.4501
13.4551
13.4601
13.4651
13.4701
13.4751
13.4801
13.4851
13.4901
13.4951
13.5001
13.5051
13.5101
13.5151
13.5202
13.5251
13.5301
13.5352
13.5401
13.5451
13.5501
13.5551
13.5601
13.5651
13.5701
13.5751
13.5801
13.5851
13.5902
13.5951
13.6001
13.6051
13.6101
13.6151
13.6201
13.6252
13.6301
13.6351
13.6401
13.6451
13.6501
13.6551
13.6601
13.6651
13.6701
13.6751
13.6801
13.6851
13.6901
13.6951
13.7001
13.7051
13.7101
13.7151
13.7201
13.7251
13.7301
13.7351
13.7401
13.7451
13.7501
13.7551
13.7601
13.7651
13.7701
13.7751
13.7801
13.7851
13.7901
13.7951
13.8001
13.8051
13.8101
13.8151
13.8201
13.8251
13.8301
13.8351
13.8401
13.8451
13.8501
13.8551
13.8601
13.8651
13.8701
13.8751
13.8801
13.8851
13.8901
13.8951
13.9001
13.9051
13.9101
13.9151
13.9201
13.9251
13.9301
13.9352
13.9401
13.9451
13.9501
13.9551
13.9601
13.9651
13.9701
13.9751
13.9801
13.9851
13.9901
13.9952
14.0001
14.0051
14.0101
14.0151
14.0201
14.0251
14.0301
14.0351
14.0401
14.0451
14.0501
14.0551
14.0601
14.0651
14.0702
14.0751
14.0801
14.0851
14.0901
14.0951
14.1001
14.1051
14.1101
14.1151
14.1201
14.1251
14.1301
14.1351
14.1401
14.1451
14.1501
14.1551
14.1601
14.1651
14.1701
14.1751
14.1801
14.1851
14.1901
14.1951
14.2001
14.2051
14.2101
14.2151
14.2201
14.2251
14.2301
14.2351
14.2402
14.2451
14.2501
14.2551
14.2601
14.2651
14.2701
14.2751
14.2801
14.2851
14.2901
14.2951
14.3001
14.3051
14.3101
14.3151
14.3201
14.3251
14.3301
14.3351
14.3401
14.3451
14.3501
14.3551
14.3601
14.3651
14.3701
14.3751
14.3801
14.3851
14.3901
14.3951
14.4001
14.4051
14.4101
14.4151
14.4201
14.4251
14.4301
14.4351
14.4401
14.4452
14.4501
14.4551
14.4601
14.4652
14.4701
14.4751
14.4801
14.4851
14.4901
14.4951
14.5001
14.5051
14.5101
14.5151
14.5201
14.5251
14.5301
14.5352
14.5401
14.5451
14.5501
14.5551
14.5601
14.5651
14.5701
14.5751
14.5801
14.5851
14.5901
14.5952
14.6001
14.6051
14.6101
14.6151
14.6201
14.6251
14.6301
14.6351
14.6401
14.6451
14.6502
14.6551
14.6601
14.6651
14.6701
14.6751
14.6801
14.6851
14.69
14.6951
14.7001
14.7051
14.7101
14.7151
14.7201
14.7251
14.7301
14.7351
14.7401
14.7451
14.7501
14.7551
14.7601
14.7651
14.7701
14.7751
14.7801
14.7851
14.7902
14.7951
14.8001
14.8051
14.8102
14.8151
14.8201
14.8251
14.8301
14.8351
14.8401
14.8451
14.8501
14.8551
14.8602
14.8651
14.8701
14.8751
14.8801
14.8851
14.8901
14.8951
14.9001
14.9051
14.9101
14.9151
14.9201
14.9251
14.9301
14.9351
14.9401
14.9451
14.9501
14.9551
14.9601
14.9651
14.9701
14.9751
14.9802
14.9851
14.9901
14.9951
15.0001
15.005
15.0101
15.0151
15.0202
15.0251
15.0301
15.0352
15.0401
15.0452
15.0501
15.0551
15.0601
15.0652
15.0701
15.0751
15.0801
15.0851
15.0901
15.0951
15.1001
15.1051
15.1101
15.1151
15.1202
15.1251
15.1301
15.1351
15.1401
15.1451
15.1501
15.1551
15.1601
15.1651
15.1702
15.1751
15.1801
15.1851
15.1901
15.1951
15.2001
15.2051
15.2101
15.2151
15.2201
15.2251
15.2301
15.2351
15.2401
15.2451
15.2501
15.2551
15.2601
15.2651
15.2701
15.2752
15.2801
15.2851
15.2901
15.2951
15.3001
15.3051
15.3101
15.3151
15.3201
15.3251
15.3302
15.3351
15.3401
15.3451
15.3501
15.3551
15.3601
15.3651
15.3701
15.3751
15.3801
15.3851
15.3902
15.3951
15.4001
15.4051
15.4101
15.4151
15.4201
15.4251
15.4302
15.4351
15.4401
15.4451
15.4502
15.4551
15.4601
15.4651
15.4701
15.4751
15.4803
15.4851
15.4901
15.4951
15.5001
15.5051
15.5101
15.5151
15.5201
15.5251
15.5301
15.5351
15.5402
15.5451
15.5501
15.5551
15.5601
15.5651
15.5701
15.5751
15.5801
15.5851
15.5901
15.5951
15.6001
15.6051
15.6101
15.6152
15.6201
15.6251
15.6301
15.6351
15.6401
15.6451
15.6501
15.6551
15.6601
15.6651
15.6701
15.6751
15.6801
15.6851
15.6901
15.6952
15.7001
15.7051
15.7101
15.7151
15.7201
15.7251
15.7302
15.7351
15.7401
15.7451
15.7501
15.7551
15.7601
15.7652
15.7701
15.7751
15.7801
15.7851
15.7902
15.7951
15.8001
15.8051
15.8101
15.8151
15.8201
15.8251
15.8301
15.8351
15.8401
15.8451
15.8501
15.8551
15.8601
15.8651
15.8701
15.8751
15.8801
15.8851
15.8901
15.8952
15.9001
15.9051
15.9101
15.9151
15.9201
15.9251
15.9301
15.9351
15.9401
15.9451
15.9501
15.9551
15.9601
15.9651
15.9701
15.9751
15.9801
15.9851
15.9901
15.9951
16.0001
16.0051
16.0101
16.0151
16.0201
16.0251
16.0301
16.0351
16.0401
16.0451
16.0501
16.0551
16.0601
16.0651
16.0701
16.0751
16.0801
16.0851
16.0901
16.0951
16.1002
16.1051
16.1101
16.1151
16.1201
16.1251
16.1301
16.1351
16.1401
16.1451
16.1501
16.1551
16.1601
16.1651
16.1701
16.1751
16.1801
16.1851
16.1901
16.1951
16.2001
16.2051
16.2101
16.2151
16.2201
16.2251
16.2301
16.2351
16.2401
16.2451
16.2502
16.2551
16.2601
16.2651
16.2701
16.2751
16.2801
16.2851
16.2901
16.2951
16.3001
16.3051
16.3101
16.3151
16.3201
16.3251
16.3301
16.3351
16.3401
16.3451
16.3501
16.3551
16.3601
16.3651
16.3701
16.3751
16.3801
16.3851
16.3901
16.3951
16.4001
16.4051
16.4101
16.4151
16.4201
16.4251
16.4301
16.4351
16.4401
16.4452
16.4501
16.4551
16.4601
16.4652
16.4701
16.4751
16.4801
16.4851
16.4901
16.4951
16.5001
16.5052
16.5101
16.5151
16.5202
16.5251
16.5301
16.5351
16.5401
16.5451
16.5501
16.5551
16.5601
16.5651
16.5701
16.5751
16.5801
16.5851
16.5901
16.5951
16.6001
16.6051
16.6101
16.6151
16.6202
16.6251
16.6301
16.6351
16.6401
16.6451
16.6501
16.6551
16.6601
16.6651
16.6701
16.6751
16.6801
16.6851
16.6901
16.6952
16.7001
16.7051
16.7102
16.7151
16.7201
16.7251
16.7301
16.7351
16.7401
16.7451
16.7501
16.7551
16.7601
16.7651
16.7701
16.7751
16.7801
16.7851
16.7901
16.7951
16.8001
16.8051
16.8101
16.8151
16.8201
16.8251
16.8301
16.8351
16.8401
16.8451
16.8501
16.8551
16.8601
16.8651
16.8701
16.8751
16.8801
16.8851
16.8901
16.8951
16.9001
16.9051
16.9101
16.9152
16.9202
16.9251
16.9301
16.9351
16.9401
16.9451
16.9501
16.9551
16.9601
16.9651
16.9701
16.9751
16.9801
16.9851
16.9901
16.9951
17.0001
17.0051
17.0101
17.0151
17.0201
17.0251
17.0301
17.0352
17.0401
17.0451
17.0501
17.0551
17.0601
17.0651
17.0701
17.0751
17.0801
17.0851
17.0901
17.0951
17.1001
17.1051
17.1101
17.1151
17.1202
17.1251
17.13
17.1351
17.1401
17.1452
17.1501
17.1551
17.1601
17.1651
17.1701
17.1751
17.1801
17.1851
17.1901
17.1952
17.2001
17.2051
17.2102
17.2151
17.2202
17.2251
17.2301
17.2351
17.2401
17.2451
17.2501
17.2551
17.2601
17.2651
17.2701
17.2751
17.2802
17.2851
17.2901
17.2952
17.3001
17.3051
17.3102
17.3151
17.3201
17.3252
17.3302
17.3351
17.3401
17.3451
17.3501
17.3551
17.3601
17.3651
17.3701
17.3751
17.3801
17.3851
17.3901
17.3951
17.4001
17.405
17.4101
17.4151
17.4201
17.4251
17.4302
17.4351
17.4401
17.4452
17.4501
17.4551
17.4601
17.4651
17.4701
17.4751
17.4801
17.4851
17.4901
17.4951
17.5001
17.5051
17.5101
17.5151
17.5201
17.5251
17.5301
17.5351
17.5401
17.5451
17.5501
17.5552
17.5601
17.5651
17.5701
17.5751
17.5801
17.5851
17.5901
17.5951
17.6001
17.6051
17.6101
17.6151
17.6201
17.6251
17.6301
17.6351
17.6402
17.6451
17.6501
17.6551
17.6601
17.6651
17.6701
17.6752
17.6801
17.6851
17.6901
17.6951
17.7001
17.7051
17.7101
17.7151
17.7201
17.7251
17.7301
17.7352
17.7401
17.7451
17.7501
17.7551
17.7601
17.7651
17.7701
17.7751
17.7802
17.7851
17.7901
17.7951
17.8001
17.8051
17.8101
17.8151
17.8201
17.8251
17.8301
17.8351
17.8401
17.8451
17.8501
17.8551
17.8601
17.8651
17.8701
17.8751
17.8801
17.8851
17.8901
17.8951
17.9001
17.9051
17.9101
17.9151
17.9201
17.9251
17.9301
17.9351
17.9402
17.9451
17.9501
17.9551
17.9601
17.9651
17.9701
17.9751
17.9801
17.9851
17.9901
17.995
18.0001
18.0051
18.0101
18.015
18.0201
18.0251
18.0301
18.0351
18.0401
18.0451
18.0501
18.0551
18.0601
18.0651
18.0702
18.0751
18.0801
18.0851
18.0901
18.0951
18.1001
18.1051
18.1101
18.1151
18.1201
18.1252
18.1301
18.1351
18.1402
18.1451
18.1501
18.1551
18.1601
18.1651
18.1701
18.1751
18.1801
18.1851
18.1901
18.1951
18.2001
18.2051
18.2101
18.2151
18.2201
18.2251
18.2301
18.2351
18.2401
18.2451
18.2501
18.2551
18.2601
18.2651
18.2701
18.2751
18.2801
18.2851
18.2901
18.2951
18.3001
18.3051
18.3101
18.3151
18.3201
18.3251
18.3301
18.3351
18.3401
18.3451
18.3502
18.3551
18.3601
18.3651
18.3701
18.3751
18.3801
18.3851
18.3901
18.3951
18.4001
18.4051
18.4101
18.4151
18.4201
18.4251
18.4301
18.4351
18.4401
18.4451
18.4501
18.4551
18.4601
18.4651
18.4701
18.4751
18.4801
18.4851
18.4901
18.4952
18.5002
18.5051
18.5101
18.5151
18.5201
18.5251
18.5301
18.5351
18.5401
18.5451
18.5502
18.5551
18.5601
18.5651
18.5702
18.5752
18.5801
18.5851
18.5901
18.595
18.6001
18.6051
18.6101
18.6151
18.6202
18.6251
18.6301
18.6351
18.6401
18.6451
18.6502
18.6551
18.6601
18.6652
18.6701
18.6751
18.6801
18.6852
18.6901
18.6951
18.7001
18.7051
18.7101
18.7151
18.7201
18.7251
18.7301
18.7351
18.7401
18.7451
18.7501
18.7551
18.7601
18.7651
18.7702
18.7752
18.7801
18.7851
18.7901
18.7951
18.8001
18.8051
18.8101
18.8151
18.8201
18.8251
18.8301
18.8351
18.8402
18.8451
18.8501
18.8551
18.8601
18.8652
18.8702
18.8751
18.8801
18.8851
18.8901
18.8951
18.9001
18.9051
18.9101
18.9151
18.9201
18.9251
18.9301
18.9351
18.9401
18.9451
18.9501
18.9551
18.9601
18.9651
18.9701
18.9751
18.9801
18.9851
18.9901
18.9951
19.0002
19.0051
19.0101
19.0151
19.0201
19.0251
19.0301
19.0351
19.0401
19.0451
19.0501
19.0551
19.0601
19.0651
19.0701
19.0752
19.0801
19.0851
19.0901
19.0951
19.1001
19.1051
19.1101
19.1151
19.1201
19.1251
19.1301
19.1351
19.1401
19.1451
19.1501
19.1551
19.1601
19.1651
19.1701
19.1751
19.1801
19.1851
19.1901
19.1951
19.2001
19.2051
19.2101
19.2151
19.2201
19.2251
19.2301
19.2351
19.2401
19.2451
19.2501
19.2551
19.2601
19.2651
19.2701
19.2751
19.2801
19.2851
19.2901
19.2951
19.3001
19.3051
19.3101
19.3151
19.3201
19.3251
19.3301
19.3352
19.3401
19.3451
19.3501
19.3551
19.3601
19.3651
19.3701
19.3751
19.3802
19.3851
19.3901
19.3951
19.4001
19.4051
19.4102
19.4151
19.4201
19.4251
19.4301
19.4351
19.4401
19.4451
19.4501
19.4551
19.4601
19.4651
19.4701
19.4751
19.4801
19.4851
19.4901
19.4951
19.5001
19.5051
19.5101
19.5151
19.5202
19.5251
19.5301
19.5351
19.5401
19.5451
19.5501
19.5551
19.5601
19.5651
19.5701
19.5751
19.5801
19.5851
19.5902
19.5951
19.6001
19.6051
19.6101
19.6151
19.6202
19.6252
19.6301
19.6351
19.6401
19.6451
19.6501
19.6551
19.6601
19.6651
19.6701
19.6751
19.6801
19.6851
19.6901
19.6951
19.7001
19.7051
19.7101
19.7151
19.7201
19.7251
19.7301
19.7351
19.7401
19.7451
19.7501
19.7551
19.7601
19.7651
19.7701
19.7751
19.7801
19.7851
19.7901
19.7951
19.8001
19.8052
19.8101
19.8151
19.8201
19.8251
19.8301
19.8351
19.8401
19.8451
19.8501
19.8551
19.8601
19.8651
19.8701
19.8751
19.8801
19.8851
19.8901
19.8951
19.9001
19.9051
19.9101
19.9151
19.9201
19.9251
19.9301
19.9351
19.9401
19.9452
19.9501
19.9551
19.9601
19.9651
19.9701
19.9751
19.9801
19.9851
19.9901
19.9951
20.0001
20.0051
20.0101
20.0151
20.0201
20.0251
20.0301
20.0352
20.0401
20.0451
20.0501
20.0551
20.0601
20.0651
20.0701
20.0752
20.0801
20.0851
20.0901
20.0951
20.1001
20.1051
20.1101
20.1151
20.1201
20.1251
20.1301
20.1351
20.1401
20.1451
20.1501
20.1551
20.1601
20.1651
20.1701
20.1751
20.1801
20.1851
20.1901
20.1951
20.2001
20.2051
20.2101
20.2152
20.2201
20.2251
20.2301
20.2351
20.2401
20.2451
20.2501
20.2551
20.2601
20.2651
20.2701
20.2751
20.2801
20.2851
20.2901
20.2952
20.3001
20.3051
20.3102
20.3151
20.3201
20.3251
20.3301
20.3351
20.3401
20.3451
20.3502
20.3552
20.3601
20.3651
20.3701
20.3751
20.3801
20.3851
20.3901
20.3951
20.4001
20.4051
20.4101
20.4151
20.4201
20.4251
20.4301
20.4351
20.4401
20.4452
20.4501
20.4551
20.4601
20.4651
20.4701
20.4751
20.4801
20.4851
20.4901
20.4951
20.5001
20.5051
20.5101
20.5151
20.5201
20.5251
20.5301
20.5351
20.5401
20.5451
20.5501
20.5551
20.5601
20.5651
20.5701
20.5751
20.5801
20.5851
20.5901
20.5952
20.6001
20.6051
20.6101
20.6152
20.6201
20.6251
20.6301
20.6351
20.6402
20.6451
20.6502
20.6551
20.6601
20.6651
20.6701
20.6751
20.6801
20.6851
20.6902
20.6951
20.7001
20.7051
20.7101
20.7151
20.7201
20.7251
20.7302
20.7351
20.7401
20.7451
20.7501
20.7551
20.7601
20.7651
20.7701
20.7751
20.7801
20.7851
20.7901
20.7951
20.8001
20.8051
20.8101
20.8151
20.8201
20.8251
20.8301
20.8351
20.8401
20.8451
20.8501
20.8551
20.8601
20.8651
20.8701
20.8751
20.8802
20.8851
20.8902
20.8951
20.9001
20.9051
20.9102
20.9151
20.9201
20.9251
20.9301
20.9351
20.9401
20.9451
20.9502
20.9552
20.9602
20.9651
20.9701
20.9752
20.9801
20.9852
20.9901
20.9951
21.0001
21.0051
21.0101
21.0152
21.0201
21.0252
21.0301
21.0352
21.0401
21.0451
21.0501
21.0551
21.0601
21.0652
21.0701
21.0751
21.0801
21.0851
21.0901
21.0951
21.1001
21.1052
21.1101
21.1151
21.1201
21.1251
21.1301
21.1351
21.1401
21.1451
21.1502
21.1551
21.1601
21.1651
21.1701
21.1752
21.1801
21.1851
21.1901
21.1951
21.2001
21.2052
21.2101
21.2151
21.2202
21.2252
21.2301
21.2351
21.2401
21.2451
21.2502
21.2551
21.2601
21.2651
21.2701
21.2751
21.2801
21.2851
21.2902
21.2951
21.3001
21.3051
21.3101
21.3151
21.3201
21.3251
21.3302
21.3351
21.3401
21.3451
21.3501
21.3551
21.3601
21.3651
21.3701
21.3751
21.3801
21.3851
21.3901
21.3951
21.4001
21.4051
21.4101
21.4151
21.4201
21.4251
21.4301
21.4351
21.4401
21.4451
21.4501
21.4551
21.4601
21.4651
21.4701
21.4751
21.4801
21.4851
21.4901
21.4951
21.5001
21.5052
21.5101
21.5151
21.5201
21.5251
21.5301
21.5352
21.5401
21.5451
21.5501
21.5551
21.5601
21.5651
21.5702
21.5752
21.5801
21.5851
21.5902
21.5951
21.6001
21.6051
21.6101
21.6151
21.6201
21.6251
21.6301
21.6352
21.6402
21.6451
21.6501
21.6551
21.6601
21.6651
21.6701
21.6751
21.6801
21.6851
21.6901
21.6951
21.7001
21.7051
21.7101
21.7151
21.7201
21.7251
21.7301
21.7351
21.7401
21.7452
21.7502
21.7552
21.7601
21.7651
21.7701
21.7751
21.7801
21.7851
21.7901
21.7952
21.8001
21.8051
21.8101
21.8151
21.8201
21.8251
21.8301
21.8351
21.8401
21.8451
21.8502
21.8551
21.8601
21.8651
21.8701
21.8752
21.8802
21.8851
21.8901
21.8952
21.9002
21.9051
21.9101
21.9151
21.9201
21.9251
21.9301
21.9351
21.9401
21.9451
21.9501
21.9552
21.9601
21.9651
21.9701
21.9751
21.9801
21.9851
21.9901
21.9951
22.0002
22.0051
22.0101
22.0151
22.0201
22.0251
22.0301
22.0351
22.0401
22.0451
22.0501
22.0551
22.0602
22.0651
22.0701
22.0751
22.0802
22.0852
22.0901
22.0951
22.1001
22.1051
22.1101
22.1151
22.1201
22.1251
22.1301
22.1351
22.1401
22.1451
22.1501
22.1551
22.1601
22.1651
22.1701
22.1751
22.1801
22.1851
22.1901
22.1951
22.2001
22.2051
22.2101
22.2151
22.2201
22.2251
22.2301
22.2351
22.2401
22.2451
22.2501
22.2551
22.2601
22.2652
22.2701
22.2751
22.2801
22.2851
22.2901
22.2951
22.3001
22.3051
22.3101
22.3151
22.3201
22.3251
22.3301
22.3351
22.3401
22.3451
22.3501
22.3551
22.3601
22.3652
22.3701
22.3751
22.3801
22.3851
22.3901
22.3951
22.4001
22.4051
22.4101
22.4151
22.4201
22.4251
22.4301
22.4351
22.4401
22.4451
22.4501
22.4552
22.4602
22.4651
22.4702
22.4751
22.4801
22.4851
22.4901
22.4951
22.5001
22.5051
22.5101
22.5151
22.5201
22.5251
22.5301
22.5351
22.5402
22.5451
22.5501
22.5551
22.5601
22.5651
22.5701
22.5751
22.5802
22.5851
22.5901
22.5951
22.6001
22.6051
22.6101
22.6151
22.6201
22.6251
22.6301
22.6351
22.6401
22.6451
22.6501
22.6551
22.6601
22.6651
22.6701
22.6751
22.6801
22.6851
22.6901
22.6951
22.7001
22.7051
22.7101
22.7151
22.7201
22.7252
22.7301
22.7351
22.7401
22.7451
22.7501
22.7551
22.7601
22.7651
22.7701
22.7751
22.7802
22.7851
22.7901
22.7951
22.8001
22.8051
22.8101
22.8151
22.8201
22.8251
22.8301
22.8351
22.8401
22.8451
22.8501
22.8551
22.8601
22.8651
22.8701
22.8751
22.8802
22.8851
22.8901
22.8951
22.9001
22.9051
22.9101
22.9151
22.9201
22.9251
22.9301
22.9351
22.9401
22.9452
22.9501
22.9551
22.9601
22.9651
22.9701
22.9751
22.9801
22.9851
22.9901
22.9951
23.0001
23.0051
23.0101
23.0151
23.02
23.0251
23.0301
23.0351
23.0401
23.0451
23.0501
23.0551
23.0601
23.0651
23.0701
23.0751
23.0801
23.0851
23.0901
23.0951
23.1001
23.1052
23.1101
23.1152
23.1201
23.1251
23.1301
23.1351
23.1401
23.1451
23.1501
23.1551
23.1601
23.1651
23.1701
23.1751
23.1801
23.1851
23.1902
23.1951
23.2002
23.2051
23.2101
23.2152
23.2201
23.2251
23.2301
23.2352
23.2401
23.2451
23.2501
23.2551
23.2601
23.2651
23.2701
23.2751
23.2801
23.2851
23.2902
23.2951
23.3001
23.3051
23.3101
23.3151
23.3202
23.3251
23.3301
23.3351
23.3401
23.3451
23.3501
23.3551
23.3601
23.3651
23.3701
23.3752
23.3801
23.3852
23.3901
23.3952
23.4001
23.4052
23.4102
23.4151
23.4201
23.4251
23.4314
23.4352
23.4402
23.4453
23.4501
23.4552
23.4601
23.4651
23.4701
23.4751
23.4801
23.4852
23.4901
23.4951
23.5002
23.5052
23.5101
23.5151
23.5201
23.5252
23.5302
23.5352
23.5402
23.5451
23.5501
23.5552
23.5602
23.5652
23.5702
23.5751
23.5802
23.5852
23.5902
23.5951
23.6001
23.6053
23.6101
23.6151
23.6201
23.6252
23.6302
23.6351
23.6401
23.6451
23.6502
23.6551
23.6601
23.6651
23.6701
23.6751
23.6801
23.6851
23.6901
23.6951
23.7001
23.7051
23.7102
23.7151
23.7201
23.7251
23.7302
23.7351
23.7401
23.7451
23.7501
23.7551
23.7601
23.7651
23.7701
23.7751
23.7801
23.7851
23.7901
23.7951
23.8001
23.8051
23.8102
23.8151
23.8201
23.825
23.8302
23.8351
23.8401
23.8451
23.8501
23.8551
23.8601
23.8651
23.8701
23.8751
23.8801
23.8851
23.8901
23.8952
23.9002
23.9052
23.9102
23.9152
23.9202
23.9252
23.9301
23.9351
23.9401
23.9451
23.9501
23.9551
23.9601
23.9651
23.9701
23.9751
23.9801
23.9851
23.9901
23.9951
24.0001
24.0051
24.0101
24.0151
24.0201
24.0251
24.0301
24.0351
24.0401
24.0451
24.0501
24.0551
24.0601
24.0651
24.0701
24.0751
24.0801
24.0851
24.0901
24.0951
24.1001
24.1051
24.1101
24.1152
24.1201
24.1251
24.1301
24.1351
24.14
24.1451
24.1501
24.1552
24.1601
24.1651
24.1701
24.1751
24.1801
24.1851
24.1901
24.1951
24.2001
24.2051
24.2101
24.2151
24.2201
24.2251
24.2301
24.2351
24.2401
24.2451
24.2502
24.2551
24.2601
24.2651
24.2701
24.2751
24.2801
24.2851
24.2901
24.2952
24.3002
24.3051
24.3101
24.3151
24.3202
24.3251
24.3301
24.3351
24.3401
24.3452
24.3502
24.3552
24.3602
24.3651
24.3701
24.3751
24.3801
24.3851
24.3901
24.3951
24.4002
24.4051
24.4101
24.4151
24.4202
24.4251
24.4301
24.4351
24.4402
24.4451
24.4501
24.4551
24.4601
24.4651
24.4701
24.4751
24.4802
24.4851
24.4901
24.4952
24.5001
24.5051
24.5101
24.5151
24.5201
24.5251
24.5301
24.5351
24.5401
24.5451
24.5502
24.5552
24.5601
24.5651
24.5701
24.5751
24.5801
24.5851
24.59
24.5951
24.6001
24.6051
24.6101
24.6151
24.6201
24.6251
24.6301
24.6351
24.6401
24.6451
24.6501
24.6551
24.6601
24.6651
24.6701
24.6751
24.6801
24.6851
24.6902
24.6951
24.7001
24.7051
24.7101
24.7151
24.7201
24.7251
24.7301
24.7351
24.7401
24.7451
24.7501
24.7551
24.7601
24.7652
24.7702
24.7751
24.7801
24.7851
24.7901
24.7951
24.8002
24.8051
24.8101
24.8152
24.8201
24.8251
24.8301
24.8351
24.8401
24.8451
24.8501
24.8552
24.8601
24.8651
24.8701
24.8751
24.8801
24.8851
24.8901
24.8951
24.9001
24.9051
24.9101
24.9151
24.9201
24.9251
24.9301
24.9351
24.9401
24.9451
24.9501
24.9551
24.9601
24.9651
24.9701
24.9751
24.9802
24.9851
24.9901
24.9951
25.0001
25.0051
25.0101
25.0151
25.0201
25.0251
25.0301
25.0351
25.0401
25.0452
25.0501
25.0551
25.0601
25.0651
25.0702
25.0751
25.0801
25.0851
25.0901
25.0951
25.1001
25.1051
25.1101
25.1151
25.1201
25.1251
25.1301
25.1351
25.1401
25.1451
25.1501
25.1551
25.1601
25.1651
25.1701
25.1751
25.1801
25.1851
25.1901
25.1951
25.2001
25.2051
25.2101
25.2151
25.2201
25.2251
25.2301
25.2351
25.2401
25.2451
25.2501
25.2551
25.2601
25.2651
25.2701
25.2751
25.2801
25.2851
25.2901
25.2951
25.3001
25.3051
25.3101
25.3151
25.3202
25.3252
25.3301
25.3351
25.3401
25.3451
25.3501
25.3551
25.3601
25.3651
25.3701
25.3751
25.3801
25.3851
25.3901
25.3951
25.4001
25.4052
25.4101
25.4151
25.4201
25.4251
25.4301
25.4351
25.4401
25.4451
25.4501
25.4551
25.4601
25.4651
25.4701
25.4751
25.4802
25.4851
25.4901
25.4952
25.5001
25.5051
25.5101
25.5151
25.5201
25.5251
25.5301
25.5351
25.5401
25.5451
25.5501
25.5551
25.5601
25.5651
25.5701
25.5751
25.5801
25.5851
25.5901
25.5951
25.6001
25.6051
25.6101
25.6151
25.6202
25.6252
25.6301
25.6351
25.6402
25.6451
25.6501
25.6551
25.6601
25.6651
25.6701
25.6751
25.6801
25.6851
25.6901
25.6951
25.7001
25.7051
25.7101
25.7151
25.7201
25.7251
25.7301
25.7351
25.7401
25.7451
25.7502
25.7552
25.7601
25.7651
25.7701
25.7751
25.7801
25.7851
25.7901
25.7951
25.8001
25.8051
25.8101
25.8151
25.8201
25.8251
25.8301
25.8351
25.8401
25.8451
25.8501
25.8551
25.8601
25.8651
25.8701
25.8751
25.8801
25.8851
25.8901
25.8951
25.9001
25.9051
25.9101
25.9151
25.9201
25.9251
25.9301
25.9351
25.9401
25.9451
25.9501
25.9551
25.9602
25.9652
25.9701
25.9751
25.9801
25.9851
25.9901
25.9951
26.0001
26.0051
26.0101
26.0151
26.0201
26.0251
26.0301
26.0352
26.0401
26.0452
26.0501
26.0551
26.0601
26.0651
26.0701
26.0751
26.0801
26.0852
26.0902
26.0951
26.1001
26.1051
26.1101
26.1151
26.1201
26.1251
26.1301
26.1351
26.1401
26.1451
26.1501
26.1551
26.1601
26.1651
26.1701
26.1751
26.1801
26.1851
26.1901
26.1952
26.2001
26.2051
26.2101
26.2151
26.2201
26.2251
26.2301
26.2351
26.2401
26.2451
26.2501
26.2551
26.2601
26.2652
26.2702
26.2751
26.2801
26.2851
26.2901
26.2951
26.3001
26.3051
26.3101
26.3151
26.3202
26.3251
26.3301
26.3351
26.3402
26.3451
26.3501
26.3551
26.3601
26.3651
26.3701
26.3752
26.3801
26.3851
26.3902
26.3951
26.4002
26.4051
26.4101
26.4151
26.4202
26.4252
26.4301
26.4351
26.4401
26.4451
26.4501
26.4551
26.4601
26.4651
26.4701
26.4751
26.4802
26.4851
26.4901
26.4951
26.5001
26.5051
26.5101
26.5151
26.5201
26.5251
26.5301
26.5351
26.5401
26.5451
26.5501
26.5551
26.5601
26.5651
26.5701
26.5751
26.5801
26.5852
26.5901
26.5951
26.6001
26.6051
26.6101
26.6151
26.6201
26.6251
26.6301
26.6351
26.6401
26.6451
26.6501
26.6551
26.6601
26.6652
26.6701
26.6752
26.6802
26.6851
26.6901
26.6951
26.7001
26.7051
26.7101
26.7151
26.7201
26.7251
26.7302
26.7351
26.7401
26.7451
26.7502
26.7551
26.7601
26.7651
26.7701
26.7751
26.7801
26.7851
26.7901
26.7952
26.8001
26.8051
26.8101
26.8151
26.8201
26.8251
26.8301
26.8351
26.8401
26.8451
26.8501
26.8551
26.8602
26.8651
26.8701
26.8751
26.8801
26.8851
26.8901
26.8951
26.9001
26.9051
26.9101
26.9151
26.9201
26.9251
26.9301
26.9351
26.9401
26.9451
26.9501
26.9551
26.9601
26.9651
26.9701
26.9751
26.9801
26.9851
26.9901
26.9951
27.0001
27.0051
27.0101
27.0151
27.0201
27.0251
27.0301
27.0352
27.0401
27.0451
27.0501
27.0551
27.0601
27.0651
27.0701
27.0751
27.0801
27.0851
27.0901
27.0951
27.1002
27.1052
27.1101
27.1151
27.1201
27.1251
27.1301
27.1351
27.1401
27.1451
27.1501
27.1551
27.1601
27.1651
27.1701
27.1751
27.1801
27.1851
27.1901
27.1951
27.2001
27.2051
27.2101
27.2151
27.2201
27.2251
27.2301
27.2351
27.2401
27.2451
27.2502
27.2551
27.2601
27.2651
27.2701
27.2751
27.2801
27.2851
27.2901
27.2951
27.3001
27.3052
27.3101
27.3151
27.3201
27.3251
27.3301
27.3351
27.3401
27.3451
27.3501
27.3551
27.3601
27.3651
27.3701
27.3751
27.3801
27.3851
27.3901
27.3951
27.4001
27.4051
27.4101
27.4151
27.4201
27.4251
27.4301
27.4352
27.4401
27.4451
27.4502
27.4551
27.4601
27.4651
27.4701
27.4751
27.4801
27.4851
27.4901
27.4951
27.5001
27.5051
27.5102
27.5151
27.5201
27.5251
27.5301
27.5351
27.5401
27.5451
27.5501
27.5551
27.5601
27.5651
27.5701
27.5752
27.5801
27.5851
27.5901
27.5951
27.6001
27.6051
27.6101
27.6151
27.6201
27.6251
27.6301
27.6351
27.6401
27.6451
27.6501
27.6551
27.6601
27.6651
27.6701
27.6751
27.6801
27.6852
27.6901
27.6951
27.7001
27.7051
27.7102
27.7152
27.7201
27.7251
27.7302
27.7351
27.7401
27.7451
27.7501
27.7551
27.7601
27.7651
27.7701
27.7751
27.7801
27.7851
27.7901
27.7951
27.8001
27.8051
27.8101
27.8151
27.8201
27.8251
27.8301
27.8351
27.8401
27.8451
27.8501
27.8551
27.8601
27.8651
27.8701
27.8751
27.8801
27.8851
27.8901
27.8951
27.9001
27.9051
27.9101
27.9151
27.9201
27.9252
27.9302
27.9351
27.9401
27.9451
27.9501
27.9551
27.9601
27.9651
27.9701
27.9751
27.9801
27.9851
27.9901
27.9951
28.0001
28.0051
28.0101
28.0151
28.0201
28.0251
28.0301
28.0351
28.0401
28.0451
28.0501
28.0551
28.0601
28.0651
28.0701
28.0751
28.0801
28.0851
28.0901
28.0951
28.1001
28.1051
28.1101
28.1151
28.1201
28.1251
28.1301
28.1351
28.1401
28.1451
28.1501
28.1551
28.1601
28.1651
28.1701
28.1751
28.1801
28.1851
28.1901
28.1951
28.2001
28.2051
28.2101
28.2151
28.2201
28.2251
28.2301
28.2351
28.2402
28.2451
28.2501
28.2551
28.2601
28.2651
28.2701
28.2751
28.2801
28.2851
28.2901
28.2951
28.3001
28.3051
28.3101
28.3151
28.3201
28.3251
28.3301
28.3351
28.3401
28.3451
28.3501
28.3551
28.3601
28.3651
28.3701
28.3751
28.3801
28.3851
28.3901
28.3952
28.4001
28.4051
28.4101
28.4151
28.4201
28.4251
28.4301
28.4351
28.4402
28.4451
28.4501
28.4551
28.4601
28.4651
28.4701
28.4751
28.4801
28.4851
28.4901
28.4951
28.5001
28.5051
28.5101
28.5151
28.5201
28.5251
28.5301
28.5352
28.5401
28.5451
28.5501
28.5551
28.5601
28.5651
28.5701
28.5751
28.5801
28.5851
28.5901
28.5951
28.6001
28.6051
28.6101
28.6151
28.6201
28.6251
28.6301
28.6351
28.6401
28.6451
28.6501
28.6551
28.6601
28.6651
28.6701
28.6751
28.6801
28.6851
28.6901
28.6951
28.7001
28.7051
28.7101
28.7151
28.7201
28.7252
28.7301
28.7351
28.7401
28.7451
28.7501
28.7551
28.7601
28.7651
28.7701
28.7751
28.7801
28.7851
28.7902
28.7951
28.8001
28.8051
28.8101
28.8151
28.8201
28.8252
28.8301
28.8351
28.8401
28.8451
28.8501
28.8551
28.8601
28.8651
28.8701
28.8751
28.8801
28.8851
28.8901
28.8951
28.9001
28.9052
28.9101
28.9151
28.9201
28.9251
28.9301
28.9351
28.9401
28.9451
28.9501
28.9551
28.9601
28.9651
28.9701
28.9751
28.9801
28.9851
28.9901
28.9951
29.0001
29.0051
29.0101
29.0151
29.0201
29.0251
29.0302
29.0352
29.0401
29.0451
29.0501
29.0551
29.0602
29.0652
29.0701
29.0751
29.0801
29.0851
29.0901
29.0951
29.1001
29.1051
29.1101
29.1151
29.1202
29.1251
29.1301
29.1351
29.1401
29.1451
29.1501
29.1551
29.1601
29.1651
29.1701
29.1751
29.1801
29.1851
29.1901
29.1951
29.2001
29.2051
29.2101
29.2151
29.2201
29.2251
29.2301
29.2351
29.2401
29.2451
29.2501
29.2551
29.2601
29.2651
29.2701
29.2751
29.2801
29.2851
29.2901
29.2951
29.3002
29.3051
29.3101
29.3151
29.3202
29.3251
29.3301
29.3351
29.3402
29.3451
29.3501
29.3551
29.3601
29.3651
29.3701
29.3751
29.3801
29.3851
29.3901
29.3951
29.4001
29.4051
29.4102
29.4151
29.4201
29.4251
29.4301
29.4351
29.4401
29.4452
29.4501
29.4551
29.4601
29.4651
29.4701
29.4751
29.4802
29.4851
29.4901
29.4951
29.5001
29.5051
29.5101
29.5151
29.5201
29.5252
29.5302
29.5351
29.5401
29.5451
29.5501
29.5551
29.5601
29.5651
29.5701
29.5751
29.5801
29.5851
29.5902
29.5951
29.6001
29.6051
29.6101
29.6151
29.6201
29.6251
29.6301
29.6351
29.6401
29.6451
29.6501
29.6551
29.6601
29.6651
29.6701
29.6752
29.6801
29.6851
29.6901
29.6951
29.7001
29.7051
29.7101
29.7151
29.7201
29.7251
29.7301
29.7351
29.7401
29.7451
29.7501
29.7551
29.7601
29.7651
29.7701
29.7751
29.7801
29.7851
29.7901
29.7951
29.8001
29.8052
29.8101
29.8151
29.8202
29.8251
29.8301
29.8351
29.8402
29.8452
29.8501
29.8551
29.8601
29.8652
29.8701
29.8751
29.8802
29.8851
29.8901
29.8951
29.9001
29.9051
29.9101
29.9151
29.9201
29.9251
29.9301
29.9351
29.9401
29.9451
29.9501
29.9551
29.9601
29.9651
29.9701
29.9751
29.9802
29.9851
29.9901
29.9951
30.0001
30.0051
30.0101
30.0151
30.0201
30.0251
30.0301
30.0351
30.0401
30.0451
30.0501
30.0551
30.0601
30.0651
30.0701
30.075
30.0801
30.0851
30.0901
30.0951
30.1001
30.1051
30.1101
30.1151
30.1201
30.1251
30.1301
30.1351
30.1401
30.1451
30.1501
30.1551
30.1601
30.1651
30.1701
30.1751
30.1802
30.1852
30.1901
30.1951
30.2001
30.2051
30.2102
30.2151
30.2201
30.2251
30.2301
30.2351
30.2401
30.2451
30.2501
30.2551
30.2601
30.2651
30.2701
30.2751
30.2801
30.2851
30.2901
30.2951
30.3002
30.3051
30.3101
30.3151
30.3201
30.3251
30.3301
30.3351
30.3401
30.3451
30.3501
30.3552
30.3601
30.3652
30.3701
30.3751
30.3801
30.3851
30.3901
30.3951
30.4001
30.4051
30.4101
30.4151
30.42
30.4251
30.4301
30.4351
30.4401
30.4451
30.4501
30.4551
30.4601
30.4652
30.4702
30.4751
30.4802
30.4851
30.4901
30.4952
30.5001
30.5051
30.5101
30.5151
30.5201
30.5251
30.5301
