0.470205
0.475194
0.480125
0.48515
0.490135
0.49512
0.500135
0.50509
0.510131
0.515113
0.520128
0.525108
0.530086
0.535107
0.5401
0.545135
0.550064
0.555149
0.560159
0.565114
0.570146
0.575168
0.580184
0.585139
0.590206
0.59513
0.600138
0.605135
0.610131
0.615125
0.620103
0.625114
0.630146
0.635118
0.640106
0.6451
0.650094
0.655097
0.660147
0.665134
0.670102
0.675093
0.680125
0.685122
0.690105
0.695141
0.700129
0.705134
0.710119
0.715131
0.72016
0.725149
0.730108
0.735113
0.740115
0.745107
0.750109
0.755151
0.760125
0.765125
0.770114
0.775126
0.780129
0.785116
0.790111
0.795104
0.800085
0.805139
0.81018
0.815147
0.820127
0.82515
0.830168
0.835142
0.840129
0.845105
0.850096
0.855099
0.860102
0.865106
0.87011
0.875132
0.880096
0.885101
0.890143
0.895133
0.900151
0.905161
0.91016
0.915161
0.92011
0.925144
0.930119
0.935151
0.940134
0.945168
0.950133
0.955113
0.9601
0.965134
0.970158
0.975136
0.980115
0.985084
0.990074
0.995109
1.00018
1.00516
1.01014
1.01511
1.02014
1.0251
1.03012
1.03517
1.04009
1.04511
1.05014
1.05511
1.06015
1.06511
1.07009
1.0751
1.08012
1.08511
1.09013
1.0951
1.10013
1.10512
1.11015
1.1151
1.12011
1.12509
1.13009
1.13514
1.14012
1.1451
1.15014
1.15511
1.16011
1.16515
1.17013
1.17512
1.18011
1.18511
1.19011
1.19509
1.20015
1.20506
1.21012
